-1.078197945120733248e-01
1.070256709087381020e-01
-1.439045556856989316e-01
-3.081094626375682766e-01
-8.228247006170934241e-02
-4.804896526359110631e-02
-1.881977278645638740e-01
3.736255399838959712e-01
2.459702975262869074e-01
8.959355376480325484e-02
-5.986259969563076377e-02
9.448070246772571901e-02
4.089569021225148981e-01
-6.983818122361318270e-03
1.580650387214610486e-03
-6.965207164200387657e-02
2.999567734627414661e-01
3.260394539981915640e-01
2.122149758162440170e-01
2.534384169416908361e-01
-2.452270879409662596e-02
1.367162138512268144e-01
3.743886964967985120e-01
1.523192201566672122e-01
4.070746385543438928e-01
4.450072591278455558e-01
1.112053966829401608e-01
3.399895099604233750e-01
2.806547218407199895e-01
-6.276036774020110620e-03
1.346034609645560820e-01
6.226958404299922645e-01
5.559987606288727680e-01
8.497032633504391086e-01
9.779931533676694544e-02
3.335074946821127706e-01
4.033784141897833742e-01
8.177428192716309496e-01
6.251930127487188571e-01
7.595116652470712548e-02
3.648160634007162062e-01
4.673031282313747092e-01
6.490536941635256518e-01
3.947560856539630847e-01
7.772428705311132946e-01
7.201078175995634378e-02
5.209709638229006456e-01
3.272211223292235127e-01
4.967197139444885501e-01
6.484422554093879354e-01
5.934284318440459227e-01
6.852875034482586170e-01
4.535418126193213606e-01
9.535459495478550984e-01
8.191141369055426891e-01
2.967106469949248315e-01
1.062926834092155381e+00
8.455874154001650211e-01
5.224019551291000374e-01
6.372152527333542205e-01
6.764443687070891276e-01
8.060443925527156495e-01
1.104425321987971609e+00
5.798692880904674496e-01
5.900143229593031169e-01
4.852814415296597961e-01
1.238140779767723743e+00
8.986033074480830329e-01
6.743135990621731413e-01
7.110951413059219961e-01
1.028217408630641705e+00
5.736712015417368971e-01
7.843576855848425344e-01
7.976015411865314819e-01
5.396724468818648868e-01
1.066537973094648040e+00
1.165743511376102326e+00
9.556059789283821715e-01
9.697925811564894749e-01
8.247803897261597461e-01
8.609663915188868755e-01
1.036332770540598913e+00
6.201243109883403104e-01
6.112510336392366073e-01
8.058825997653471518e-01
7.908420353129705926e-01
1.255713687147336222e+00
9.977226566531478547e-01
9.260046680712233913e-01
5.812542850758257718e-01
7.965313290744640007e-01
9.760447044982689668e-01
8.280683495777672043e-01
1.037025905612768195e+00
8.056309242227670531e-01
8.108338833365210663e-01
8.438138866727760146e-01
1.311014823738309909e+00
1.098436805914668302e+00
1.197018827910264704e+00
1.069573628877105609e+00
9.442623061467140255e-01
1.301873940562586096e+00
8.629905660605858841e-01
8.918676738371567048e-01
7.389971692409285087e-01
1.131044069003540153e+00
9.948630959179041167e-01
4.675836095454855013e-01
1.082232794085018490e+00
1.068840354018000927e+00
9.147254808314704277e-01
4.934869450375624633e-01
1.361035139307024355e+00
3.324951139813669965e-01
1.181487269558023634e+00
1.356271711759837961e+00
8.011795955476763709e-01
1.314949291727434355e+00
7.258083823304108950e-01
1.274845846230915347e+00
1.264867045760955655e+00
1.069782493675785595e+00
7.149321386499346564e-01
1.379377765490667596e+00
1.166691218510770067e+00
1.201358998808190970e+00
9.107508348324815373e-01
1.243586355170202884e+00
9.796193436513973563e-01
1.041546290839622912e+00
1.035604831898284006e+00
1.181319130070331180e+00
1.243529213539934952e+00
1.017253297658242461e+00
1.263868796676741457e+00
1.090927355803831933e+00
1.094858043964046068e+00
8.455797537568368050e-01
9.456274822788912626e-01
6.448405259943423840e-01
6.927919874198156247e-01
5.766677567590432485e-01
1.212399269210580277e+00
6.963415299866848596e-01
8.091942218930814334e-01
1.169431764294331488e+00
8.102855959592248913e-01
1.437619040641997969e+00
1.004627950575546214e+00
1.272772542038103527e+00
1.368197667680352003e+00
8.663363550912022149e-01
9.733274177429941387e-01
9.779781737616763948e-01
8.660940371191365728e-01
8.095376625694765682e-01
1.163261139266710265e+00
8.738306530193624688e-01
8.298189058095717385e-01
1.189555956729812403e+00
6.200089012471912131e-01
8.173421184678135720e-01
7.326793267335569571e-01
1.180278519523492164e+00
7.903221993960851677e-01
4.001501107275907132e-01
5.093498572970522886e-01
1.256500325238270266e+00
7.005117987525932843e-01
6.749347558601620500e-01
1.116164103056994428e+00
7.258461777200689857e-01
8.455991015794015464e-01
7.827006320782239346e-01
1.053061354157987850e+00
6.056623778071378306e-01
6.478950167042485386e-01
7.894048425251294354e-01
4.798776845663472734e-01
9.234509710519818171e-01
9.316717307260600212e-01
5.792933011277133781e-01
3.928436972050276532e-01
1.184421916868022118e+00
3.168478771768722391e-01
5.015504254538767359e-01
3.368496632670172075e-01
3.287373140813514838e-01
8.307104021271709549e-01
8.033219231571013808e-01
4.635385725833685577e-01
3.562605449105026856e-01
8.274668608691385652e-01
9.917458961197357370e-01
4.014027289151760325e-01
8.848969136007737157e-01
7.048219883458032298e-01
7.178291406215806525e-01
3.805535118375213965e-01
9.696725809817278163e-01
1.188647178487963751e+00
2.631245055745318751e-01
4.951637176490317760e-01
4.392231467094469544e-01
6.951443409974612520e-01
5.381834514321252039e-01
6.036166319850398976e-01
7.856312313993187857e-01
5.270800354661093756e-01
3.191765862302880508e-01
7.439877877522376171e-01
4.200416891829408805e-01
1.169294029482693675e-01
-5.677405740797503153e-03
-5.267411674209132588e-03
4.474216277987172474e-01
4.164324312963381125e-01
2.600005964963716387e-01
7.576214446805507041e-02
3.144540202625628056e-01
3.112337111132620904e-01
2.110515484223947080e-01
5.812424633490975712e-01
4.032351706062032304e-01
2.861819486863537709e-01
1.811221191879158199e-01
2.299231266209307012e-01
3.557658295201746035e-02
-1.428149253228880866e-01
8.299047776450313441e-01
7.442646493587351531e-01
3.931484812404930640e-01
5.491414398866309443e-02
2.599179267951270966e-01
6.485464639442392598e-02
2.505248950350886239e-01
-7.556752129694893627e-03
-6.825585089017879858e-02
5.972883750289051941e-01
2.092893018377297576e-01
8.435733232874762511e-01
2.146919194702947009e-01
4.478775101792457081e-01
2.639810161400096278e-01
2.186041869889916722e-03
-3.658488400774778104e-01
2.833918953200738333e-02
1.985712269113606432e-01
3.130605963891643362e-01
-4.244022424468119753e-02
-1.957241466392884710e-01
-4.058074920112770267e-01
1.588888550290066815e-01
7.001982506718393284e-03
9.960386609341381758e-02
5.602957061363958990e-01
-3.572926547403655617e-02
-1.746135938700755230e-01
-2.504873461530540135e-01
-2.506605510541273785e-01
-2.238106785709732538e-01
-1.128570656039905029e-01
-6.407936685034504309e-02
-3.623452629963498373e-01
-2.585302172835889922e-01
-2.292181730703018172e-01
-3.282369472625559781e-02
-9.421746132045386024e-02
-4.425486591276186488e-01
2.695069732458231782e-01
-6.306100272646270044e-02
-5.409890362714770973e-01
-6.549221894552219592e-01
-5.781647328904293559e-01
-3.413478627382443009e-01
-2.940743842780321193e-01
-2.697785011927067433e-02
-3.485818983673466542e-01
-4.162795147586512146e-02
-4.317200844298429430e-01
-6.839245313998953968e-02
-5.693181830922986464e-01
-7.223896998228818145e-02
-4.000648392150635835e-01
-4.398534716644124098e-01
-3.824943785590200207e-01
-3.825186340379932437e-01
-4.521269597884645108e-01
-1.970473744943598837e-01
-3.457094666073227684e-01
-1.943696112426295808e-01
-7.626920360657376552e-01
-4.834951334446933036e-01
-7.160351735454095756e-01
-1.130461108670717918e+00
-6.445248354801588198e-01
-1.038292710682428677e+00
-5.497314944775639756e-01
-9.123024969068924683e-01
-3.945776563899616729e-02
-8.895247368517393838e-01
-8.957406895609194564e-01
-7.440760695251940060e-01
-8.875641876042851264e-01
-2.025481906897493301e-01
-8.675544756524335988e-01
-1.079367458775364330e+00
-9.894916035877482363e-01
-5.380200173711220391e-01
-4.797619895805939061e-01
-7.400316637468392633e-01
-6.298808281360407380e-01
-8.033004085596384680e-01
-8.207912322415146233e-01
-9.015292171529918352e-01
-8.369184712696179362e-01
-6.864263827543262142e-01
-1.229954141779822763e+00
-7.161814306624562088e-01
-1.132382428971781430e+00
-7.787337024817325704e-01
-5.041940325875531315e-01
-6.697697990760436149e-01
-8.106230711018325152e-01
-9.394003126809674642e-01
-4.879521088447408839e-01
-5.809583816342352991e-01
-6.300945983696385477e-01
-6.979466317299075628e-01
-1.102837533129011671e+00
-6.151562495186202462e-01
-9.438316261918959782e-01
-8.362900554168436473e-01
-8.165495098001598340e-01
-7.666800087493182980e-01
-9.186240272881485147e-01
-1.375317509365971969e+00
-1.192186986749605548e+00
-6.116409624679647328e-01
-9.681708707522377333e-01
-1.079088371263024371e+00
-1.091037787812525472e+00
-7.533403805388055874e-01
-1.213750579616817094e+00
-1.054016549294811922e+00
-1.006823116138936269e+00
-7.601459060893922537e-01
-8.963862504104835871e-01
-1.075110531195631713e+00
-1.105685948232781435e+00
-7.951162691928184145e-01
-5.639580013116982649e-01
-7.567534328355020046e-01
-7.712930905351781385e-01
-1.410579713076792752e+00
-1.035760180198431524e+00
-1.113908934831597808e+00
-1.019666620020271752e+00
-1.061689980664728417e+00
-1.257077768825942465e+00
-8.121738310106986214e-01
-9.814156698645452037e-01
-1.015124895603623623e+00
-1.471416112164697365e+00
-1.012397889706329934e+00
-9.864984888648454797e-01
-9.349042248988511661e-01
-9.920700264788050449e-01
-1.253185518740801863e+00
-1.137642043712395301e+00
-7.509194168929773650e-01
-1.264960704640980760e+00
-8.690161547277385212e-01
-9.286451124456738260e-01
-1.174585228305666362e+00
-6.751409402065565724e-01
-7.799500889524423330e-01
-1.214884759212731646e+00
-1.245466773578687958e+00
-8.576847667888372051e-01
-1.275127706762882562e+00
-1.256523740711407156e+00
-9.926946758089427725e-01
-1.093025385686999806e+00
-1.196362455887083565e+00
-1.149953733208635587e+00
-8.493937403811462339e-01
-8.594817659839173452e-01
-1.360709367514803869e+00
-9.561918046463628862e-01
-9.169581313731419714e-01
-9.239270034300849366e-01
-1.016251250675966222e+00
-8.852299657129176769e-01
-8.536630819497402767e-01
-1.137940478846958925e+00
-6.865264714451193573e-01
-6.995614653029452734e-01
-5.431789338966800385e-01
-1.360543871958698858e+00
-5.278753880032902579e-01
-8.386852705685349241e-01
-8.223225962492829444e-01
-1.334542819698929517e+00
-9.629431921161081265e-01
-7.860351937775076347e-01
-8.429694360031252387e-01
-1.204678735242216803e+00
-8.956139410740885376e-01
-7.565682761738209416e-01
-8.123544514499361213e-01
-1.379752073541358204e+00
-8.136444324821799912e-01
-8.312503595469961093e-01
-5.262201928941876439e-01
-6.090577646891388586e-01
-1.192898648854909593e+00
-7.857669693623370311e-01
-5.967349692170224040e-01
-8.101848573703275269e-01
-9.009833467659938977e-01
-6.439769989486926471e-01
-6.372501193519601870e-01
-6.660907891254552737e-01
-1.064452095215614680e+00
-5.324302214770288977e-01
-5.021818964243356387e-01
-5.699298328657578239e-01
-9.273775358853011408e-01
-8.556722245725955078e-01
-8.556987718960483713e-01
-8.348624856574865527e-01
-5.732172673188208334e-01
-7.678424697663541743e-01
-1.312641242851582568e+00
-4.488987271671881496e-01
-6.033300179422353970e-01
-8.641876483038949397e-01
-8.262411422081221701e-01
-8.661299052557256406e-01
-3.989696368131113724e-01
-1.225357623809731011e+00
-1.222508616269237569e+00
-1.133983038946335009e+00
-8.030457737651545136e-01
-3.876653452817164780e-01
-3.866040468306203293e-01
-6.654190536894897257e-01
-8.183192831451961968e-01
-7.731446861910801216e-01
-6.427573862632746104e-01
-3.826474403814578151e-01
-4.689699261523051499e-01
-1.116491442539876200e+00
-7.349780559200630448e-01
-4.854551244259203702e-01
-4.313328771549536089e-01
-5.338945962457168903e-01
-3.400831579486647271e-01
-6.226493427288035676e-01
-5.285212681523933087e-01
-3.769539524272091935e-01
-4.305490365692330457e-01
-6.910329722238045536e-02
-3.227841690392922458e-01
-6.889857041603608678e-01
-8.265601975579234262e-02
-3.573580124088797105e-01
-1.885786027956831701e-02
-5.247503845307650572e-01
-5.090738126300498045e-01
-1.751371064929453936e-01
1.848158017988886237e-01
-3.236668302931659524e-01
-4.528216244836791304e-02
-5.699520119500112170e-02
-5.939073455815196967e-01
-3.921639081717348541e-01
-1.112173412239967907e-01
-1.177324452348572081e-01
-2.595217817384551928e-01
-3.125658815090628373e-01
-3.930385167406343361e-01
-3.668261585823818782e-01
6.527140925220933920e-02
-6.516576101096173412e-02
1.053007086474671283e-01
-2.329098230003228687e-01
-4.275809359290831668e-02
-3.037103507189501395e-01
-1.551498473778424314e-01
-1.343911666996856769e-02
-5.745840765361120983e-02
7.858835713639156229e-03
1.015122497541405266e-01
-5.734173080030007252e-01
-5.764103920605770925e-01
-3.044194911999062447e-02
1.377643635912663145e-01
