4.542473405550808252e+00
1.477238847874096539e+00
4.209520470586507468e-01
2.336368044976791847e+00
8.809834097679078990e-01
1.789194411827737419e+00
5.259178048385862780e+00
-3.034106880538382178e+00
3.262934076850922960e+00
2.215538940651143651e+00
1.603344551980599775e+00
3.188960944619845250e-01
1.088301457732901767e+00
9.193277685975236313e-01
1.728686763716873243e+00
3.334104001655917582e-01
3.730887029844314640e+00
2.075217889476618005e+00
3.199578488643605390e+00
5.089970755282092085e+00
2.597639023088881061e+00
4.604255963545339725e+00
6.095887963671133836e-01
2.922226000602979656e+00
1.393565725694536850e+00
5.005337312437928787e+00
7.061201915746111446e-01
9.504072779474146415e-01
2.888189188141632169e+00
2.921135343128289819e+00
5.222209877611421192e+00
4.853887479720806475e+00
2.117964027441810781e+00
5.013628945326376041e+00
6.835727901953967400e-01
3.611774003607777228e+00
5.611363639281311322e+00
3.615072267336219447e+00
1.791730793150839940e+00
5.310773436972341166e+00
8.733449420772190219e-01
4.265737265209223139e+00
9.018607499413501927e+00
2.499503862066392301e+00
1.540216805146172874e+00
1.959489423330024405e+00
8.636058393910732711e-01
5.549445052554592195e+00
5.089704661757716408e+00
6.615259161592868864e+00
2.325048343682158958e+00
-1.394994056332222510e+00
4.516328829683113000e+00
4.268597326301678763e+00
6.713223533714336000e+00
2.962923171810291301e+00
1.436970757647697772e+00
4.365238558659466861e+00
4.829637495837890704e+00
4.068950204840019680e+00
4.772452708923428766e+00
1.955956409470922752e+00
6.033700974256746896e+00
1.838158923289240132e+00
5.819966754174421553e-02
3.146732562151323798e+00
2.577256041609763848e+00
9.195752796300431520e-01
5.565554638280426403e+00
3.363150662045768957e+00
1.290177117710269883e+00
5.314170426832435901e+00
3.198205445132336511e+00
2.436328709124635505e+00
4.911561212215673322e+00
5.958867551755292702e+00
5.435056670627747444e+00
1.579725410360163007e+00
3.809906342087552300e+00
4.755689094961273788e+00
1.802144561739452255e+00
2.287235604438248249e+00
7.100415437351554004e+00
3.743320821577494684e+00
4.975149758472666051e+00
9.699369397012422844e-01
4.867079250581676675e+00
6.190654751010626455e+00
5.566337030390053897e+00
2.317523500644226964e+00
6.304015929020306608e+00
3.821419977215478880e+00
1.889768388641098529e+00
4.835194329965101900e+00
5.629321536346410859e+00
3.612203625832619558e+00
3.894813281678612515e+00
2.712326012531983022e+00
9.849272339238508422e-01
6.191294374048759153e+00
5.314567078119498689e+00
4.996506296748995268e+00
3.731769580509243234e+00
5.434623680681037072e+00
5.358125554732825258e+00
5.854255672264855548e+00
1.654999119559537046e+00
2.096170082198360429e+00
1.794596828345209172e+00
4.060786278009060446e+00
4.459646270066436990e+00
-3.489178695461809809e-01
3.225343107138050947e+00
4.832878632697312327e+00
2.303533573114041388e+00
2.099427616954189002e+00
5.578277786219349998e+00
3.364615787012740444e+00
6.016862542855651697e+00
4.373497274856957162e+00
-6.135240695207198058e-01
3.897565626805949535e+00
2.711961966583774419e+00
3.885685935014659087e+00
3.898542813820838226e+00
3.441072536991628628e+00
2.387471191404883619e+00
4.566953301394121034e+00
5.103602328793348519e-01
7.630323575828064087e+00
6.145052141174779159e+00
7.700776353183913514e+00
7.024678768630952419e+00
3.143860691552799569e+00
2.742533837515716222e+00
6.205516503784147098e+00
5.335555117229414890e+00
3.918739309025515816e+00
4.055117865324096016e+00
7.547040015943936808e+00
7.117073311056704377e+00
4.740950142776500620e+00
5.753168277905930772e+00
5.815641264967583268e+00
8.017259676464007612e+00
4.719639990552755293e-01
1.410563745919031664e+00
5.602204161984876585e+00
5.113762799203344755e+00
3.135793860199008520e+00
5.116368981018408313e+00
6.066768435293914408e+00
6.902458814451104985e+00
5.343489217473905484e+00
5.656113400193541807e+00
4.823919648788154824e+00
4.362755994922064673e+00
5.378404732071269123e+00
8.674921459787107381e+00
4.747994555619820645e+00
7.252191161522786089e+00
1.971061807418563294e+00
7.443551350881392636e+00
5.514383078261791304e+00
7.158171988323723589e+00
4.516046001899470141e+00
7.989708753291760779e+00
5.156814968256817622e+00
6.974846467107646220e+00
5.619215255991164781e+00
4.996906149643980832e+00
6.800642594568985011e+00
6.444372962851576681e+00
6.686933785885143422e+00
4.721657979464958466e+00
8.125936997610070378e+00
7.874953312984494858e+00
1.518590711975586593e+00
5.008844321827430335e+00
2.648979748736394857e+00
5.634814533269853598e+00
5.031485714191515690e+00
5.308791605031855099e+00
6.382401367407536164e+00
4.379729426727251074e+00
6.688551243100603116e+00
7.478062813063740322e+00
6.007166040456429101e+00
1.808567636904553577e+00
8.590819084499086600e+00
2.990003448855062196e+00
5.145648945102880845e+00
6.498038966937078165e+00
4.237019764180574910e+00
7.682680289332592949e+00
3.682383436867197268e+00
6.042575037734032151e+00
5.227181019996640643e+00
9.111458707191431472e+00
4.726986267743167325e+00
6.880311664857342357e+00
1.307745367515518176e+00
9.518004348027890416e+00
5.795462297824967024e+00
6.967914001539727842e+00
6.639467883053200126e+00
5.258482483205420444e+00
7.677681412915626780e+00
5.460635246094676987e+00
6.961767955181800360e+00
5.722148521943149824e+00
8.366907484216273616e+00
4.419288871782464767e+00
3.520351640873665033e+00
6.750469921533369444e+00
4.275337933787834999e+00
6.380020034885108160e+00
7.985278451581386605e+00
2.980959982490249516e+00
9.824221786385599842e+00
7.903127168448252249e+00
4.976424384357028607e+00
4.531407288884600426e+00
9.673554778081781436e+00
6.114003184700639082e+00
7.165046797073811646e+00
4.793050921216694960e+00
8.788756312345130439e+00
8.081169739009926190e+00
6.379838777920920911e+00
2.275633470594017105e+00
6.522643560305940724e+00
1.004485458384759866e+01
1.013356902427276118e+01
6.339719052181321146e+00
5.387429154816969046e+00
7.838741221325039810e+00
8.988362091783280050e+00
7.885011480938212358e+00
4.622132354754575623e+00
6.086904311788203792e+00
5.879360395649337434e+00
6.471099699472427247e+00
6.329687703115652653e+00
9.875557152935806826e+00
1.079802725169271049e+01
8.802866540029713249e+00
6.939461370170958432e+00
6.117812775434824601e+00
5.652070815995765329e+00
6.027007007146015560e+00
5.707200738267896867e+00
5.629123357932573235e+00
8.150046843795884399e+00
6.154362822094016749e+00
9.638381493815128209e+00
5.598938974459239937e+00
8.422714027731231567e+00
4.641757490482392612e+00
6.690311219237903728e+00
9.488497633883756777e+00
8.654352802525291821e+00
4.497221986558084694e+00
5.470059438339245794e+00
9.363120639261024891e+00
5.028835600924678850e+00
8.443593598685014356e+00
6.029414071716230339e+00
3.762444909900421131e+00
8.318017945627611098e+00
6.526724194193021411e+00
7.590986741857435938e+00
7.175096296835217657e+00
7.671398133899086424e+00
3.661417823468400723e+00
6.903220689288513512e+00
1.323312839549382147e+01
7.019925718667439973e+00
7.648136098869586341e+00
6.432658781013275373e+00
7.808495692192033211e+00
7.918593564907609128e+00
6.723288859149372243e+00
9.454873053883844136e+00
6.397108808922456369e+00
1.055687613384501766e+01
6.687747263646818041e+00
7.262447204379975929e+00
5.538917007266885406e+00
6.379798904664172099e+00
5.888912619324175424e+00
4.634527287741162738e+00
7.457221642736294953e+00
2.216674350204782762e+00
7.391165711850734787e+00
8.351681535768461728e+00
6.186166714863602145e+00
9.956534132687032468e+00
6.813766460411436299e+00
1.263820589867303568e+01
9.560012810664650473e+00
5.476266350750983669e+00
1.010028565695125558e+01
9.020820605662962066e+00
5.265793542948758343e+00
8.844260270240459576e+00
9.782413049069491606e+00
1.198840151494208328e+01
8.696284548433316886e+00
9.261727583435035882e+00
6.686752529343354290e+00
9.356961601604568912e+00
9.514025618938694251e+00
7.809757925909625698e+00
4.407227314749567526e+00
1.016737835975975557e+01
7.047077580455987089e+00
8.858807285241226737e+00
6.418431398503225083e+00
1.054024623761839941e+01
8.056709231446204100e+00
9.436807635379128811e+00
4.506066752762919236e+00
5.218161157215927659e+00
9.696408657609719484e+00
6.652589346293927619e+00
1.109870579930273315e+01
8.071865712631558054e+00
1.060231568614131348e+01
5.755433002525149888e+00
8.963580259576442444e+00
6.668876711898441556e+00
8.755250452509548253e+00
9.404518414428558515e+00
7.589910936909705974e+00
6.628265048454355046e+00
8.358481719944169441e+00
7.725483800562877867e+00
1.027658473536122585e+01
8.712649822674210398e+00
1.017443346342210653e+01
6.209540443312364211e+00
6.937774846086906422e+00
6.879397637035908453e+00
6.567599469141938151e+00
1.234869761295966839e+01
8.080967511807234160e+00
1.163508565780575843e+01
1.161364136742198738e+01
8.769033536232750947e+00
1.223731630288314420e+01
1.104301123225910786e+01
1.053796247987581935e+01
9.079391824294589242e+00
8.160907362630375417e+00
7.467799231571630614e+00
7.738533556320962958e+00
9.746910844299584653e+00
9.720819728997771136e+00
1.027660028535809467e+01
8.471972057854628702e+00
8.613264144334610961e+00
7.530093768498902662e+00
5.249325396848144365e+00
1.087756820482634623e+01
4.520015281796558426e+00
1.157510910405554760e+01
1.094725404986842499e+01
8.935229332378781919e+00
8.036894580039163571e+00
1.052000795025325708e+01
6.297138581476643182e+00
6.524068478358832301e+00
1.055609217661466559e+01
8.752264776353118947e+00
1.308046133610415218e+01
1.083060243728229999e+01
1.223823795262809710e+01
1.148038567860175796e+01
1.149740444459343536e+01
1.036625040700340961e+01
7.946598735559913251e+00
9.728869163845823564e+00
8.717549848706960702e+00
9.777938737401695946e+00
9.346605618846545838e+00
9.996354778268470298e+00
8.306035518738498880e+00
9.931703567640289165e+00
8.008057467160419662e+00
7.774024869010087713e+00
7.001991510980277056e+00
1.172245365577160392e+01
9.751473139081397790e+00
8.280326877201963143e+00
8.884431959211312346e+00
8.968335254147921987e+00
1.324778574563873690e+01
8.874275204119062010e+00
1.223476847578133153e+01
9.890025318326673087e+00
5.732374838427990227e+00
1.478475670207656556e+01
1.218123445345380951e+01
1.081674602133139729e+01
1.196403713553080728e+01
8.462671165794343864e+00
1.088850144072062953e+01
1.374878359386025828e+01
1.145816162408325667e+01
9.037476322361884584e+00
8.319076431133067828e+00
6.947608717961355040e+00
7.946380502339906116e+00
1.091715962737593060e+01
1.014561623426037862e+01
7.250349489342973186e+00
1.156015857481218312e+01
1.775393657178841167e+01
6.984305039085896283e+00
7.968360067960611914e+00
9.363937772028766204e+00
1.352784120116383448e+01
9.303217262632868412e+00
1.443268749112630367e+01
1.067703992346331354e+01
1.010039325541577782e+01
1.011131162789641458e+01
9.684154184142387933e+00
8.258459950725020704e+00
1.451396153627030472e+01
1.343596453782385680e+01
1.321767902406095807e+01
1.288476200662860371e+01
8.569852931800257423e+00
8.419741920874631802e+00
9.194675659214444963e+00
1.101389896774599819e+01
1.234312395468013079e+01
8.519526200211814171e+00
1.122110289641056546e+01
8.859911679640106286e+00
1.051189354516827734e+01
9.850762046990787724e+00
8.571060288072787969e+00
7.447923961885281940e+00
1.093109157176722945e+01
1.089634646913281557e+01
1.116027918986774026e+01
1.183563407364607833e+01
1.130941610668631547e+01
8.235435922612364124e+00
1.020795057338459522e+01
1.468511888519816821e+01
9.963603400491592765e+00
1.115796666733867859e+01
7.379966684873217275e+00
9.959451572350566551e+00
1.557140814065276047e+01
1.039741990325810050e+01
1.345181676871531273e+01
6.984236251479154944e+00
8.470841148877287452e+00
8.633477241930506807e+00
1.447684905463614768e+01
1.267500312188594513e+01
1.028860382513941474e+01
1.005415220549325284e+01
8.682120909902220518e+00
1.314304040629248327e+01
1.093952701296477414e+01
9.049309542287225838e+00
1.518314447389523991e+01
1.266336069966050815e+01
1.106751437598133592e+01
8.061715146116307906e+00
1.166968203902507639e+01
8.323197844908882814e+00
9.165005149767793569e+00
1.115735855511225161e+01
1.423540370509116393e+01
1.079340718102376329e+01
1.182268003890512809e+01
1.053351512539315671e+01
9.407098867621517257e+00
1.318307132825775341e+01
1.012459895509140395e+01
1.163801960372212108e+01
1.102225377235279424e+01
1.059839457060921042e+01
8.902283645302805581e+00
1.276661340866341376e+01
1.365034117361468802e+01
9.725304123659425315e+00
1.221172798974340523e+01
1.387495573272184224e+01
1.437263039083873473e+01
1.564603104029863445e+01
1.235128039508337494e+01
1.336232736781718877e+01
1.585882724939652633e+01
1.556492565583675969e+01
9.332148501734536694e+00
1.168007384820785433e+01
1.649454999647371523e+01
1.234417307907540007e+01
1.422673199497072716e+01
1.406426642942257210e+01
7.702540879330884493e+00
1.207116879330275871e+01
1.506407518217374886e+01
1.540095246592839473e+01
1.124862236448286623e+01
1.362799910624245925e+01
1.396076358680559970e+01
1.442151296353366163e+01
1.234896361566149814e+01
1.293856592577956732e+01
1.256812980452368222e+01
1.388383202596844512e+01
9.714249171149933915e+00
8.398800528023368628e+00
1.178938756639614205e+01
1.392977877227290229e+01
7.781299808121006301e+00
1.192703603650179467e+01
1.084817299681796854e+01
1.597837442651221096e+01
1.381201471115145019e+01
1.361631295232306904e+01
1.357178315372800803e+01
9.626858611731321957e+00
1.667562899658871345e+01
1.351022383572601093e+01
1.270645857957771163e+01
1.138748569105509212e+01
1.198283888575272016e+01
1.394149853389272664e+01
1.332594922757825984e+01
1.111532965693638708e+01
1.225956815747220574e+01
1.365102459734029772e+01
1.132950804288505076e+01
1.332767013280978219e+01
1.040782172100195524e+01
1.214651665941078384e+01
1.505159837438951875e+01
1.415056762004916457e+01
1.442822921885303522e+01
1.814859188679106694e+01
1.383635926937854421e+01
1.354045822791773901e+01
1.293447112081298123e+01
1.052572987465257803e+01
1.419981020711417941e+01
1.245074863082629335e+01
1.369674136969993228e+01
1.267304115330151326e+01
1.294776705496741975e+01
1.264300140269983075e+01
1.374704833120930658e+01
1.436608363193161964e+01
1.287099715427538804e+01
1.297091936863866835e+01
1.172071018828285105e+01
1.532759007163766896e+01
1.636010639880873185e+01
1.467541253994181183e+01
1.493932639070599144e+01
1.341011409712746349e+01
1.204569437321329417e+01
1.009405460746053151e+01
1.305417764730974639e+01
1.399587913928002791e+01
1.190893416270870731e+01
1.463309202242775342e+01
1.371013813726582242e+01
1.225483645875544880e+01
1.198458491395104630e+01
1.083984590192993736e+01
1.126443507061359028e+01
1.268443013078250026e+01
1.337708727273132503e+01
1.342827233162626044e+01
1.063790834547043573e+01
1.471358571042435237e+01
1.218854990696297591e+01
1.457010205527563507e+01
1.671398142030928824e+01
1.561732382784233408e+01
9.857062928014885372e+00
1.323791242858708550e+01
1.720166198295087767e+01
1.239216077011462680e+01
1.273724599001884350e+01
1.498439913743703045e+01
1.639136004063568564e+01
1.231228207656049989e+01
1.805693664764149275e+01
1.350086884074742244e+01
1.200131063121252595e+01
1.463668071510758573e+01
1.305164549031175270e+01
1.562988184271758385e+01
1.002005969591803058e+01
1.506829046754917911e+01
8.716661682804200950e+00
1.540197805049539603e+01
1.445729789884940963e+01
9.926062185734618737e+00
1.558509108075692495e+01
1.360288205775783510e+01
9.957219965739387391e+00
1.387712764180885472e+01
1.500380561089050602e+01
9.159219616749558313e+00
1.279253940875262252e+01
1.137478168400991052e+01
1.723175976865812942e+01
1.082986037308105765e+01
1.473807210153155545e+01
1.226032609414304630e+01
1.364475746004124801e+01
1.509299365716211128e+01
1.513051605869682170e+01
1.264608719315585184e+01
1.407455358310842719e+01
1.739470829929489071e+01
1.485061582929514046e+01
1.493380397525245229e+01
1.555999140868511788e+01
1.750962919617391123e+01
1.565942461745739145e+01
1.448967539578309882e+01
1.336485222281097052e+01
1.325714377710135139e+01
1.295828034420195962e+01
1.720891977132021111e+01
1.501075367924845061e+01
1.398599221985958607e+01
1.424100886373773278e+01
1.565619898163500068e+01
1.547671869856796079e+01
1.250604533881742952e+01
1.433448587499644056e+01
1.532563914321210774e+01
1.471921892781007735e+01
1.450533405780885765e+01
1.251986367749926998e+01
1.533503724721284911e+01
1.442819548808520302e+01
1.958008367908171721e+01
1.813858852017777679e+01
1.618397838245210707e+01
1.368010094878358807e+01
1.516985635100396479e+01
1.729782934894004853e+01
1.234702954939653452e+01
1.308843983615047257e+01
1.372962491899236070e+01
1.845739556837099116e+01
1.778554055013084678e+01
1.382790758577710299e+01
1.541771186423864393e+01
1.472391593747063787e+01
1.630649674319115405e+01
1.041643080911910602e+01
1.438904867650601993e+01
1.335679721483217186e+01
1.953305060296145257e+01
1.638458701336655565e+01
1.499228662516044430e+01
1.463910597348028553e+01
1.478249155326180464e+01
1.681304573798797364e+01
1.346389726575950618e+01
1.647335172099629830e+01
1.559072362873528483e+01
1.725474527662701973e+01
1.390362745373137798e+01
1.340438995007977674e+01
1.796107055999289770e+01
1.718730161564443648e+01
1.714439236164561464e+01
1.546405073528539731e+01
1.322828492400904388e+01
1.685376536400804071e+01
1.655308114415077370e+01
1.928579987482111946e+01
1.126166206933458014e+01
1.438796662081200139e+01
1.392070999117101948e+01
1.458591047953392739e+01
1.506507900101996000e+01
1.597144656419861164e+01
1.379291975395797643e+01
1.792310644370583361e+01
1.248370469452105525e+01
1.808616928842754490e+01
1.585018627307911387e+01
1.794286606172735787e+01
1.834222482099660567e+01
1.412670129965180976e+01
1.535519679970891715e+01
1.558327258438911400e+01
1.763452979294469003e+01
1.993723113392238844e+01
1.492110132964840119e+01
1.776056284545170172e+01
1.336930392306265958e+01
1.824125027782783803e+01
1.595334643851215262e+01
1.446450631925570107e+01
1.780996847651871562e+01
1.766488145392464304e+01
1.155845823151966378e+01
1.266404021029202376e+01
1.625381720145770714e+01
2.083881003095116213e+01
1.786880781195184653e+01
1.303409753911086000e+01
1.627285774123891215e+01
1.442860649860178768e+01
1.490128629386821046e+01
1.620152141756377873e+01
1.776862509711179783e+01
1.702650663638437933e+01
1.460641885834907683e+01
1.812407607814820309e+01
1.703768276676417770e+01
1.431094540293349837e+01
1.422128788758199214e+01
1.763207041952787080e+01
1.782236442926242503e+01
1.672821010901846961e+01
1.326006109934646915e+01
1.606001055405060995e+01
1.933667498764068782e+01
1.760034750051355346e+01
1.472462917810044303e+01
1.756296567702682410e+01
1.789064740519523511e+01
1.734954092477133258e+01
1.716152886379315845e+01
1.918021760400426956e+01
1.868895650977551881e+01
1.685173993976236062e+01
1.898052558889549601e+01
1.379722283380066727e+01
1.673370218917939312e+01
1.584462921242253231e+01
1.409993425315195203e+01
1.847628979775418401e+01
1.466414974422405137e+01
1.697528401154357525e+01
1.742021646502335130e+01
1.706141657658863409e+01
1.711947392786027677e+01
1.934313936448369731e+01
1.585189601879430477e+01
1.704182198884687338e+01
1.472239963535247043e+01
1.654976777711919311e+01
1.672243766604958992e+01
1.895285060677155897e+01
1.709206993950041564e+01
1.886426583371284593e+01
2.060007773410481491e+01
1.797906949039172986e+01
1.569140358772055954e+01
1.768524970058356161e+01
1.810731088286689427e+01
2.039377131720082303e+01
1.662499241543986273e+01
1.383303886141592720e+01
1.544560074464271970e+01
1.627554446245691722e+01
1.602632357774646010e+01
2.116767071956867952e+01
1.773322995350763165e+01
2.145909419583015776e+01
1.698766291228555758e+01
2.095028434325822175e+01
1.528812990499495683e+01
1.969735263990219210e+01
1.826893852158740472e+01
1.790592496929855315e+01
1.529855241647061703e+01
1.922988843124815972e+01
1.659725467016910372e+01
1.949668980793514805e+01
2.080100937272340289e+01
1.862854835022229594e+01
1.853853661636989969e+01
2.003126511273982757e+01
1.474031267460549977e+01
1.623060759164954447e+01
1.950157140679910484e+01
1.736977265248932767e+01
1.722123531406820973e+01
1.630725439362602813e+01
1.780959264700583233e+01
1.929112953911070250e+01
1.785933826376386691e+01
1.794944748594457451e+01
1.767617758660588123e+01
2.309512869652523648e+01
1.529800406698966775e+01
1.824437891515685450e+01
1.841261396459513833e+01
1.883759920369704588e+01
1.901755955894695660e+01
1.841565182540254852e+01
1.881495292340918368e+01
1.610534330484362897e+01
2.169950143213712579e+01
1.735761053734645287e+01
1.945817220193186614e+01
1.938823081579888807e+01
1.304051585186775242e+01
1.584817268279165425e+01
2.251894711594264464e+01
1.793914252047855484e+01
1.934862846025245986e+01
1.977699147262148571e+01
2.032520289309796979e+01
1.687174527706659788e+01
1.964535016020147751e+01
1.788004409044164689e+01
2.156848330288190141e+01
1.851651874431318134e+01
2.023476072461415143e+01
1.757296246898967951e+01
1.910822300640312221e+01
1.860023318280750004e+01
1.883437840245354877e+01
1.897776633281167591e+01
1.991597309645924696e+01
1.885123836466841141e+01
1.980134911703266098e+01
1.844515617125478002e+01
1.905379485626022174e+01
2.103294940757702136e+01
1.583940760639590550e+01
1.850899759644901010e+01
1.533260878169457442e+01
1.813308457006312580e+01
1.828154718971425652e+01
2.004722599060040977e+01
2.069337082197613853e+01
1.652559759798674577e+01
2.009029677395452396e+01
2.273632445567205096e+01
2.180320218274054156e+01
1.939556811132123926e+01
1.819806006780832064e+01
2.251197049687966611e+01
1.622020756864348101e+01
1.862898756312594628e+01
2.200038778194111089e+01
2.211075708695389253e+01
1.867118519652809994e+01
2.075258171287071463e+01
2.327457212409550280e+01
2.263931890230242772e+01
2.235056252641657082e+01
1.941349253387044271e+01
2.083920087779478081e+01
1.997722627078020707e+01
1.865490878029880761e+01
1.919775889819754866e+01
2.279944331541642910e+01
2.432268576160476314e+01
2.044112556801191616e+01
2.046056750529657009e+01
1.707074065551400821e+01
2.040790979567569252e+01
1.694689673293389731e+01
2.195907926797946885e+01
1.758998034253741594e+01
2.318473835574545561e+01
2.180527075438887508e+01
1.945754127781381371e+01
1.820272549330052669e+01
1.761926000032894635e+01
2.186370016655249771e+01
2.029340994448435609e+01
2.208613398296702357e+01
2.164487882874585978e+01
1.903646786769101595e+01
1.691479236536003938e+01
1.670390018906732621e+01
2.017907202934531696e+01
2.049586682410426874e+01
1.864691477640654327e+01
1.832896584756335301e+01
1.961584413268786165e+01
1.724554163464831547e+01
1.769302035731732659e+01
1.795598176710464600e+01
2.006094662037670062e+01
2.208429542699805381e+01
1.843675771416408793e+01
2.049800466391719667e+01
1.986484521626007904e+01
2.199485729643710741e+01
1.912137831804816557e+01
2.013828236759214008e+01
2.078849598010249977e+01
1.703670729519157589e+01
1.707514571183667584e+01
1.925634770061184753e+01
2.059433056067543788e+01
2.274212408748192971e+01
1.864514006357903497e+01
1.974520142908954412e+01
2.099093027503572628e+01
1.864630863892592316e+01
2.057368144692580358e+01
2.224483497750542682e+01
2.045972658694501689e+01
2.052395057365290043e+01
1.933642884331320033e+01
1.754964080892277423e+01
2.168305954246448763e+01
1.972076935016728783e+01
1.675245880402410137e+01
1.799015985943766083e+01
1.762403680733680034e+01
2.195906833243715184e+01
1.836713880422665568e+01
1.856449239771490411e+01
2.118469522054527232e+01
2.260295896644744573e+01
2.010125922243514296e+01
2.284481087732940807e+01
2.042931582055484441e+01
1.843419265104042637e+01
2.202065360599623745e+01
2.036756929123716020e+01
2.216189737061975507e+01
1.836238079936108392e+01
1.962615283709015657e+01
2.200402483600016623e+01
2.254579488703506129e+01
2.133213343912602866e+01
2.236851953266286230e+01
2.171139331781325765e+01
1.774437069115527166e+01
1.865177861195990161e+01
2.009968956621004565e+01
2.137732260885434243e+01
2.141828382009569509e+01
2.134620650581151580e+01
2.411766874653591941e+01
1.813591415516745187e+01
1.822927904162248325e+01
2.033337575692299737e+01
2.288198522786846212e+01
1.991256842265466176e+01
2.177284465492826016e+01
2.336483572242374862e+01
2.044533374894770716e+01
1.603780837928957581e+01
2.198133023859739410e+01
1.723720949349554843e+01
1.817878524133999818e+01
2.228168591866763748e+01
2.371268941058134772e+01
2.260395939304581603e+01
2.213590102290157091e+01
2.077606766046599773e+01
2.161103884228218064e+01
1.891682080017684342e+01
2.343423315557617315e+01
2.041828016001734980e+01
2.373181469538747379e+01
2.146613103956198287e+01
2.228824121945722325e+01
2.321812815414704545e+01
2.421979292645184856e+01
1.981833230581024452e+01
2.430456984341036986e+01
2.382916679196634391e+01
2.017216650636017405e+01
2.192639323215972524e+01
2.258436748279484618e+01
2.322970742583017412e+01
2.054613769390343947e+01
2.337234704950192565e+01
2.349849933896796372e+01
2.004334765229804916e+01
1.971734412591922947e+01
2.056693386869697449e+01
2.139974707286523170e+01
1.855877194972919852e+01
2.057383973681359990e+01
2.398281485622948495e+01
1.966070793338255385e+01
2.310720027421541900e+01
