6.105306259821072223e-02
1.893451126164359399e-01
-7.795522432526956480e-02
5.722854948091246619e-02
1.903446004967128402e-01
5.271002704851246445e-01
-3.498950615593801605e-02
1.817710790774928198e-01
1.317887655063957886e-01
5.534769415072424703e-01
3.575587345647601722e-02
4.854594811642979346e-01
2.925872230202526403e-01
2.528149612115708766e-01
3.908724011749928340e-01
5.580773006472771192e-01
1.546708894923566890e-01
-1.194774297808613994e-01
3.709803846715760689e-01
8.826415388310364651e-01
4.321441623091148987e-01
1.012773860654809566e+00
5.412633211194380900e-01
5.599903668898894571e-01
7.627463703637944459e-01
4.768092080656707310e-01
6.437247153148201173e-01
7.667736434967634684e-01
8.143024710525182952e-01
6.241118777620643376e-01
9.024578124242159660e-01
7.392613144646615897e-01
9.112809276828012228e-01
6.855950688559834250e-01
1.072886925639338074e+00
6.190305456166151910e-01
9.853844504684046157e-01
9.823559983443036492e-01
7.735759387418024158e-01
1.060449553556023883e+00
1.096424072995181520e+00
1.319290060412092513e+00
8.754556027774218485e-01
9.519416695098046333e-01
1.295776824353812140e+00
4.231050657624116917e-01
8.506720422111950786e-01
9.603348272752408876e-01
1.204525395679381106e+00
1.169035833652359857e+00
1.235615079236622948e+00
1.256311930810941613e+00
1.147012985936684881e+00
1.071155950856812922e+00
1.296231984642230772e+00
7.021844132268069139e-01
9.376275595997700663e-01
9.078935383423029082e-01
8.074619097946402757e-01
1.755062109224946987e+00
1.072665286901014925e+00
1.068250025502553102e+00
1.064143510520426883e+00
1.061197931935090821e+00
8.272646730265199588e-01
8.697285165355288505e-01
1.105555740233777451e+00
1.188192764168612969e+00
8.129312415139045012e-01
1.434877599655698610e+00
1.203493095221605191e+00
1.387571580221644618e+00
9.737985768461598912e-01
6.782665943742718362e-01
4.947237236618359235e-01
7.435048488673825506e-01
7.284912360583257751e-01
4.830647016842044561e-01
7.179049242912471929e-01
7.833897410551607932e-01
2.425301683829653721e-01
8.184737018647946227e-01
3.889565109989873148e-01
7.599698214013765885e-01
5.925111174812081050e-01
1.630708753300003089e-01
1.737976785812735958e-01
3.342202185835473349e-01
5.363065912752806863e-01
1.073846227212720272e-01
-6.196232917030713994e-02
3.441008351556599787e-01
1.569326712669837920e-01
2.317255288740192876e-01
4.621126442359180242e-03
6.725997053871690667e-01
2.857243414339349918e-01
2.634503298010565930e-01
2.994418251798112163e-01
-1.696193324064997066e-02
1.094242983841034189e-01
5.692066161330178176e-02
-5.421717679144307800e-01
-2.093796396112766189e-01
4.976712379710672707e-01
1.596648395802162113e-01
-9.103150343938472278e-02
-3.548841406709969948e-01
-2.547381870176376184e-01
1.978215750826212149e-02
3.634883562728302708e-02
-2.863376221556213075e-01
-8.507160591270295225e-01
-2.319872259139979520e-01
-2.690707358240027602e-01
-6.638487080986009703e-01
-2.164764878354435984e-02
-2.680359786059494098e-01
-3.153337914788495455e-01
-5.453582380568906540e-01
-7.974952378497078831e-01
-1.073502268294698858e+00
-5.619701549879871916e-01
-8.922550749851332341e-01
-2.385700336303074875e-01
-9.101969631061679333e-01
-6.769473978321873808e-01
-6.117307992346164847e-01
-5.236154271506529012e-01
-6.467015761385589423e-01
-8.691775683100926297e-01
-5.703547264068780098e-01
-1.224404074853341129e+00
-9.017156029803337081e-01
-5.665923831198944605e-01
-7.459678260658642035e-01
-9.081702208457000935e-01
-5.110702856116426940e-01
-7.810411287648133527e-01
-6.011502785927377301e-01
-1.095063038618788287e+00
-9.349869168597753077e-01
-8.492411847323799723e-01
-9.025599298307556140e-01
-8.183664482817011310e-01
-9.226267558751437559e-01
-7.210082192837032888e-01
-1.124834842245147959e+00
-8.790282876764978770e-01
-1.082852745232299130e+00
-8.443684624863019295e-01
-1.150981047849641614e+00
-1.048975048293482759e+00
-9.598929193606207111e-01
-1.016755266930101431e+00
-5.378416911315995197e-01
-9.650953229650190979e-01
-8.814937610700656068e-01
-1.399574341477287653e+00
-1.036408620292727845e+00
-1.044199866096880092e+00
-4.774721643852123942e-01
-6.975009043801698727e-01
-1.003105381178376776e+00
-5.289989832251285051e-01
-7.581575786277705564e-01
-7.428231186300139344e-01
-6.787650004519278912e-01
-9.801225850722901090e-01
-1.241044084341096587e+00
-5.847995819332721945e-01
-3.976995437776100761e-01
-6.785776700007559725e-01
-6.585556840670370171e-01
-5.465499035749693535e-01
-8.849196604283616763e-01
-6.799044096968815953e-01
-1.587420563544117980e-01
-7.828919602269537314e-01
-4.264615975929810232e-01
-5.859621587586016922e-01
-3.389937112408722419e-01
-2.793011410509082526e-01
-9.107639591429915749e-01
-3.389721047457077141e-01
-6.001579142195434535e-01
-3.956153990917495311e-01
-5.684028799607401261e-01
-5.375576944775645183e-01
-4.522292605558725920e-01
-3.766401427122100243e-01
-1.070269356462628663e-01
-1.996459995570016577e-01
2.717712613835835400e-01
-3.465714920810846200e-01
-3.241656774268278363e-01
2.982192323461286265e-01
-2.165179508111945983e-01
-1.926918884657390085e-01
-3.288849234387822840e-01
