6.931464076042175293e-01
6.921660304069519043e-01
6.912227272987365723e-01
6.903012990951538086e-01
6.893958449363708496e-01
6.885039210319519043e-01
6.876245737075805664e-01
6.867570877075195312e-01
6.859009265899658203e-01
6.850558519363403320e-01
6.842213869094848633e-01
6.833975315093994141e-01
6.825837492942810059e-01
6.817797422409057617e-01
6.809852719306945801e-01
6.802001595497131348e-01
6.794238686561584473e-01
6.786563992500305176e-01
6.778975725173950195e-01
6.771469116210937500e-01
6.764042973518371582e-01
6.756695508956909180e-01
6.749423742294311523e-01
6.742226481437683105e-01
6.735101342201232910e-01
6.728045940399169922e-01
6.721058487892150879e-01
6.714138388633728027e-01
6.707282662391662598e-01
6.700491309165954590e-01
6.693759560585021973e-01
6.687088012695312500e-01
6.680476069450378418e-01
6.673920154571533203e-01
6.667420864105224609e-01
6.660974621772766113e-01
6.654582619667053223e-01
6.648241281509399414e-01
6.641949415206909180e-01
6.635709404945373535e-01
6.629515290260314941e-01
6.623368859291076660e-01
6.617267727851867676e-01
6.611212491989135742e-01
6.605200171470642090e-01
6.599231958389282227e-01
6.593303680419921875e-01
6.587418913841247559e-01
6.581572294235229492e-01
6.575765013694763184e-01
6.569997668266296387e-01
6.564266681671142578e-01
6.558572649955749512e-01
6.552915573120117188e-01
6.547293066978454590e-01
6.541706323623657227e-01
6.536153554916381836e-01
6.530634164810180664e-01
6.525147557258605957e-01
6.519692540168762207e-01
6.514270901679992676e-01
6.508878469467163086e-01
6.503516435623168945e-01
6.498184800148010254e-01
6.492882370948791504e-01
6.487608551979064941e-01
6.482365131378173828e-01
6.477147936820983887e-01
6.471958756446838379e-01
6.466796398162841797e-01
6.461660265922546387e-01
6.456550359725952148e-01
6.451467275619506836e-01
6.446409225463867188e-01
6.441375017166137695e-01
6.436367034912109375e-01
6.431382894515991211e-01
6.426422595977783203e-01
6.421485543251037598e-01
6.416571736335754395e-01
6.411682367324829102e-01
6.406814455986022949e-01
6.401968002319335938e-01
6.397145390510559082e-01
6.392344236373901367e-01
6.387564539909362793e-01
6.382805705070495605e-01
6.378068327903747559e-01
6.373351216316223145e-01
6.368655562400817871e-01
6.363978385925292969e-01
6.359322667121887207e-01
6.354687213897705078e-01
6.350070238113403320e-01
6.345473527908325195e-01
6.340894699096679688e-01
6.336335539817810059e-01
6.331794857978820801e-01
6.327275037765502930e-01
6.322771310806274414e-01
6.318285465240478516e-01
6.313817501068115234e-01
6.309369802474975586e-01
6.304938793182373047e-01
6.300525069236755371e-01
6.296128630638122559e-01
6.291749477386474609e-01
6.287387609481811523e-01
6.283042430877685547e-01
6.278715133666992188e-01
6.274403333663940430e-01
6.270109415054321289e-01
6.265830397605895996e-01
6.261568665504455566e-01
6.257321834564208984e-01
6.253092288970947266e-01
6.248878836631774902e-01
6.244679689407348633e-01
6.240497231483459473e-01
6.236329674720764160e-01
6.232178807258605957e-01
6.228041648864746094e-01
6.223921775817871094e-01
6.219815015792846680e-01
6.215724945068359375e-01
6.211647987365722656e-01
6.207587122917175293e-01
6.203539967536926270e-01
6.199508309364318848e-01
6.195492148399353027e-01
6.191489100456237793e-01
6.187500357627868652e-01
6.183526515960693359e-01
6.179566979408264160e-01
6.175621151924133301e-01
6.171689033508300781e-01
6.167771816253662109e-01
6.163868308067321777e-01
6.159977912902832031e-01
6.156101226806640625e-01
6.152238845825195312e-01
6.148389577865600586e-01
6.144554018974304199e-01
6.140732169151306152e-01
6.136922836303710938e-01
6.133127212524414062e-01
6.129345297813415527e-01
6.125575304031372070e-01
6.121819615364074707e-01
6.118075847625732422e-01
6.114346385002136230e-01
6.110628843307495117e-01
6.106925606727600098e-01
6.103233695030212402e-01
6.099554300308227539e-01
6.095888614654541016e-01
6.092234253883361816e-01
6.088593602180480957e-01
6.084965467453002930e-01
6.081348657608032227e-01
6.077745556831359863e-01
6.074154376983642578e-01
6.070574522018432617e-01
6.067007184028625488e-01
6.063452363014221191e-01
6.059908866882324219e-01
6.056379079818725586e-01
6.052860617637634277e-01
6.049353480339050293e-01
6.045857667922973633e-01
6.042374372482299805e-01
6.038904190063476562e-01
6.035444140434265137e-01
6.031996607780456543e-01
6.028559207916259766e-01
6.025135517120361328e-01
6.021722555160522461e-01
6.018320322036743164e-01
6.014930009841918945e-01
6.011551618576049805e-01
6.008183956146240234e-01
6.004828810691833496e-01
6.001483201980590820e-01
5.998148918151855469e-01
5.994827747344970703e-01
5.991516113281250000e-01
5.988215804100036621e-01
5.984927415847778320e-01
5.981649160385131836e-01
5.978380441665649414e-01
5.975124835968017578e-01
5.971881151199340820e-01
5.968645811080932617e-01
5.965422987937927246e-01
5.962209105491638184e-01
5.959007143974304199e-01
5.955816507339477539e-01
5.952634811401367188e-01
5.949465036392211914e-01
5.946305990219116211e-01
5.943156480789184570e-01
5.940017700195312500e-01
5.936889052391052246e-01
5.933772325515747070e-01
5.930663943290710449e-01
5.927568078041076660e-01
5.924479961395263672e-01
5.921404361724853516e-01
5.918338298797607422e-01
5.915281772613525391e-01
5.912235975265502930e-01
5.909200310707092285e-01
5.906175374984741211e-01
5.903158783912658691e-01
5.900153517723083496e-01
5.897157192230224609e-01
5.894172191619873047e-01
5.891196131706237793e-01
5.888230800628662109e-01
5.885273814201354980e-01
5.882328748703002930e-01
5.879391431808471680e-01
5.876465439796447754e-01
5.873546600341796875e-01
5.870639681816101074e-01
5.867742300033569336e-01
5.864853858947753906e-01
5.861974954605102539e-01
5.859106779098510742e-01
5.856245756149291992e-01
5.853396058082580566e-01
5.850555896759033203e-01
5.847724080085754395e-01
5.844902396202087402e-01
5.842089056968688965e-01
5.839286446571350098e-01
5.836492180824279785e-01
5.833706855773925781e-01
5.830931663513183594e-01
5.828164219856262207e-01
5.825406312942504883e-01
5.822659730911254883e-01
5.819920897483825684e-01
5.817189812660217285e-01
5.814468264579772949e-01
5.811756253242492676e-01
5.809053182601928711e-01
5.806359052658081055e-01
5.803674459457397461e-01
5.800996422767639160e-01
5.798329710960388184e-01
5.795670151710510254e-01
5.793020725250244141e-01
5.790378451347351074e-01
5.787746310234069824e-01
5.785121917724609375e-01
5.782506465911865234e-01
5.779899358749389648e-01
5.777301788330078125e-01
5.774713158607482910e-01
5.772131085395812988e-01
5.769559741020202637e-01
5.766994357109069824e-01
5.764439105987548828e-01
5.761892199516296387e-01
5.759353041648864746e-01
5.756822824478149414e-01
5.754300951957702637e-01
5.751786828041076660e-01
5.749281644821166992e-01
5.746784806251525879e-01
5.744295120239257812e-01
5.741813778877258301e-01
5.739342570304870605e-01
5.736877322196960449e-01
5.734422206878662109e-01
5.731972455978393555e-01
5.729532241821289062e-01
5.727100372314453125e-01
5.724675059318542480e-01
5.722259283065795898e-01
5.719851851463317871e-01
5.717450976371765137e-01
5.715059041976928711e-01
5.712674856185913086e-01
5.710296630859375000e-01
5.707928538322448730e-01
5.705567002296447754e-01
5.703213214874267578e-01
5.700868368148803711e-01
5.698530077934265137e-01
5.696200132369995117e-01
5.693876743316650391e-01
5.691561698913574219e-01
5.689255595207214355e-01
5.686955451965332031e-01
5.684662461280822754e-01
5.682378411293029785e-01
5.680101513862609863e-01
5.677831768989562988e-01
5.675569176673889160e-01
5.673313736915588379e-01
5.671066045761108398e-01
5.668826103210449219e-01
5.666594505310058594e-01
5.664368867874145508e-01
5.662150979042053223e-01
5.659940242767333984e-01
5.657737255096435547e-01
5.655540227890014648e-01
5.653351545333862305e-01
5.651170015335083008e-01
5.648995041847229004e-01
5.646827220916748047e-01
5.644667744636535645e-01
5.642514228820800781e-01
5.640367269515991211e-01
5.638228654861450195e-01
5.636096000671386719e-01
5.633970499038696289e-01
5.631853342056274414e-01
5.629741549491882324e-01
5.627636909484863281e-01
5.625539422035217285e-01
5.623449087142944336e-01
5.621365308761596680e-01
5.619289278984069824e-01
5.617218613624572754e-01
5.615155100822448730e-01
5.613099336624145508e-01
5.611049532890319824e-01
5.609006285667419434e-01
5.606969594955444336e-01
5.604940056800842285e-01
5.602917075157165527e-01
5.600901246070861816e-01
5.598890781402587891e-01
5.596887469291687012e-01
5.594891309738159180e-01
5.592901706695556641e-01
5.590918064117431641e-01
5.588940978050231934e-01
5.586970448493957520e-01
5.585005879402160645e-01
5.583049058914184570e-01
5.581097602844238281e-01
5.579152703285217285e-01
5.577214360237121582e-01
5.575281977653503418e-01
5.573356747627258301e-01
5.571437478065490723e-01
5.569524765014648438e-01
5.567616224288940430e-01
5.565716028213500977e-01
5.563822388648986816e-01
5.561934113502502441e-01
5.560051202774047852e-01
5.558176040649414062e-01
5.556306838989257812e-01
5.554442405700683594e-01
5.552585124969482422e-01
5.550733804702758789e-01
5.548888444900512695e-01
5.547049045562744141e-01
5.545215606689453125e-01
5.543388724327087402e-01
5.541567802429199219e-01
5.539752840995788574e-01
5.537942051887512207e-01
5.536139011383056641e-01
5.534341335296630859e-01
5.532550215721130371e-01
5.530763864517211914e-01
5.528984665870666504e-01
5.527209639549255371e-01
5.525441765785217285e-01
5.523678660392761230e-01
5.521922111511230469e-01
5.520170927047729492e-01
5.518426299095153809e-01
5.516685843467712402e-01
5.514951944351196289e-01
5.513224005699157715e-01
5.511500835418701172e-01
5.509784221649169922e-01
5.508072972297668457e-01
5.506367683410644531e-01
5.504666566848754883e-01
5.502972602844238281e-01
5.501282811164855957e-01
5.499600172042846680e-01
5.497921109199523926e-01
5.496249794960021973e-01
5.494581460952758789e-01
5.492920875549316406e-01
5.491263270378112793e-01
5.489612817764282227e-01
5.487966537475585938e-01
5.486327409744262695e-01
5.484692454338073730e-01
5.483063459396362305e-01
5.481440424919128418e-01
5.479821562767028809e-01
5.478208065032958984e-01
5.476598739624023438e-01
5.474996566772460938e-01
5.473399162292480469e-01
5.471806526184082031e-01
5.470219254493713379e-01
5.468636751174926758e-01
5.467059612274169922e-01
5.465488433837890625e-01
5.463921427726745605e-01
5.462358593940734863e-01
5.460802316665649414e-01
5.459252595901489258e-01
5.457705259323120117e-01
5.456163883209228516e-01
5.454629063606262207e-01
5.453096628189086914e-01
5.451570749282836914e-01
5.450049638748168945e-01
5.448533296585083008e-01
5.447022318840026855e-01
5.445516109466552734e-01
5.444013476371765137e-01
5.442517995834350586e-01
5.441026687622070312e-01
5.439539551734924316e-01
5.438057780265808105e-01
5.436580181121826172e-01
5.435108542442321777e-01
5.433641076087951660e-01
5.432178378105163574e-01
5.430719256401062012e-01
5.429266691207885742e-01
5.427818894386291504e-01
5.426374673843383789e-01
5.424935817718505859e-01
5.423501729965209961e-01
5.422071814537048340e-01
5.420647263526916504e-01
5.419226288795471191e-01
5.417810082435607910e-01
5.416399240493774414e-01
5.414992570877075195e-01
5.413590669631958008e-01
5.412193536758422852e-01
5.410800576210021973e-01
5.409411787986755371e-01
5.408028364181518555e-01
5.406649708747863770e-01
5.405274629592895508e-01
5.403904318809509277e-01
5.402538776397705078e-01
5.401177406311035156e-01
5.399820208549499512e-01
5.398467183113098145e-01
5.397119522094726562e-01
5.395775437355041504e-01
5.394436717033386230e-01
5.393100976943969727e-01
5.391771197319030762e-01
5.390444993972778320e-01
5.389122962951660156e-01
5.387804508209228516e-01
5.386491417884826660e-01
5.385183095932006836e-01
5.383877754211425781e-01
5.382577776908874512e-01
5.381281375885009766e-01
5.379988551139831543e-01
5.378700494766235352e-01
5.377417206764221191e-01
5.376136898994445801e-01
5.374861359596252441e-01
5.373590588569641113e-01
5.372323393821716309e-01
5.371060967445373535e-01
5.369801521301269531e-01
5.368546843528747559e-01
5.367295742034912109e-01
5.366050004959106445e-01
5.364806652069091797e-01
5.363568067550659180e-01
5.362333655357360840e-01
5.361104011535644531e-01
5.359876751899719238e-01
5.358653664588928223e-01
5.357435941696166992e-01
5.356220602989196777e-01
5.355010628700256348e-01
5.353803634643554688e-01
5.352600812911987305e-01
5.351401567459106445e-01
5.350206494331359863e-01
5.349015593528747559e-01
5.347828269004821777e-01
5.346645116806030273e-01
5.345464944839477539e-01
5.344290137290954590e-01
5.343118309974670410e-01
5.341950058937072754e-01
5.340785980224609375e-01
5.339625477790832520e-01
5.338468551635742188e-01
5.337315797805786133e-01
5.336166024208068848e-01
5.335021018981933594e-01
5.333878993988037109e-01
5.332741141319274902e-01
5.331606864929199219e-01
5.330475568771362305e-01
5.329349040985107422e-01
5.328225493431091309e-01
5.327105522155761719e-01
5.325989723205566406e-01
5.324876904487609863e-01
5.323768258094787598e-01
5.322663187980651855e-01
5.321561098098754883e-01
5.320463776588439941e-01
5.319369435310363770e-01
5.318278074264526367e-01
5.317190885543823242e-01
5.316106677055358887e-01
5.315026640892028809e-01
5.313948988914489746e-01
5.312876105308532715e-01
5.311806201934814453e-01
5.310739874839782715e-01
5.309677124023437500e-01
5.308616757392883301e-01
5.307561755180358887e-01
5.306508541107177734e-01
5.305459499359130859e-01
5.304414033889770508e-01
5.303370952606201172e-01
5.302332043647766113e-01
5.301296114921569824e-01
5.300263762474060059e-01
5.299234986305236816e-01
5.298209786415100098e-01
5.297186970710754395e-01
5.296167731285095215e-01
5.295152068138122559e-01
5.294139981269836426e-01
5.293130874633789062e-01
5.292124748229980469e-01
5.291122198104858398e-01
5.290123224258422852e-01
5.289126634597778320e-01
5.288134217262268066e-01
5.287144184112548828e-01
5.286157727241516113e-01
5.285173654556274414e-01
5.284194350242614746e-01
5.283216238021850586e-01
5.282242894172668457e-01
5.281273126602172852e-01
5.280305147171020508e-01
5.279341340065002441e-01
5.278379917144775391e-01
5.277422070503234863e-01
5.276467204093933105e-01
5.275515317916870117e-01
5.274566411972045898e-01
5.273620486259460449e-01
5.272677540779113770e-01
5.271737575531005859e-01
5.270801186561584473e-01
5.269867777824401855e-01
5.268937349319458008e-01
5.268009901046752930e-01
5.267085433006286621e-01
5.266163349151611328e-01
5.265246033668518066e-01
5.264329910278320312e-01
5.263416767120361328e-01
5.262507200241088867e-01
5.261600613594055176e-01
5.260696411132812500e-01
5.259795784950256348e-01
5.258897542953491211e-01
5.258002877235412598e-01
5.257110595703125000e-01
5.256221294403076172e-01
5.255334973335266113e-01
5.254451036453247070e-01
5.253571271896362305e-01
5.252693295478820801e-01
5.251817703247070312e-01
5.250945687294006348e-01
5.250076651573181152e-01
5.249209403991699219e-01
5.248346328735351562e-01
5.247484445571899414e-01
5.246627330780029297e-01
5.245772004127502441e-01
5.244919061660766602e-01
5.244069099426269531e-01
5.243221521377563477e-01
5.242376923561096191e-01
5.241535902023315430e-01
5.240696668624877930e-01
5.239861011505126953e-01
5.239027142524719238e-01
5.238196849822998047e-01
5.237368345260620117e-01
5.236542820930480957e-01
5.235720276832580566e-01
5.234900116920471191e-01
5.234082937240600586e-01
5.233267545700073242e-01
5.232455730438232422e-01
5.231645107269287109e-01
5.230838656425476074e-01
5.230034589767456055e-01
5.229232311248779297e-01
5.228433012962341309e-01
5.227637290954589844e-01
5.226842164993286133e-01
5.226050615310668945e-01
5.225262045860290527e-01
5.224475860595703125e-01
5.223692655563354492e-01
5.222910642623901367e-01
5.222131609916687012e-01
5.221356153488159180e-01
5.220581889152526855e-01
5.219810605049133301e-01
5.219041705131530762e-01
5.218275189399719238e-01
5.217511653900146484e-01
5.216750502586364746e-01
5.215991735458374023e-01
5.215234160423278809e-01
5.214480757713317871e-01
5.213729143142700195e-01
5.212979912757873535e-01
5.212232470512390137e-01
5.211489200592041016e-01
5.210746526718139648e-01
5.210007429122924805e-01
5.209269523620605469e-01
5.208535194396972656e-01
5.207802653312683105e-01
5.207073092460632324e-01
5.206344723701477051e-01
5.205619335174560547e-01
5.204896926879882812e-01
5.204175710678100586e-01
5.203458070755004883e-01
5.202741026878356934e-01
5.202028155326843262e-01
5.201316475868225098e-01
5.200607180595397949e-01
5.199900865554809570e-01
5.199195146560668945e-01
5.198493599891662598e-01
5.197793245315551758e-01
5.197095274925231934e-01
5.196399688720703125e-01
5.195707082748413086e-01
5.195015668869018555e-01
5.194326639175415039e-01
5.193639993667602539e-01
5.192955732345581055e-01
5.192273855209350586e-01
5.191593766212463379e-01
5.190915465354919434e-01
5.190240144729614258e-01
5.189566016197204590e-01
5.188894867897033691e-01
5.188226699829101562e-01
5.187559127807617188e-01
5.186894536018371582e-01
5.186231732368469238e-01
5.185571312904357910e-01
5.184912085533142090e-01
5.184255838394165039e-01
5.183601975440979004e-01
5.182949304580688477e-01
5.182300209999084473e-01
5.181652307510375977e-01
5.181006193161010742e-01
5.180362462997436523e-01
5.179720520973205566e-01
5.179080963134765625e-01
5.178443193435668945e-01
5.177807807922363281e-01
5.177174210548400879e-01
5.176542401313781738e-01
5.175913572311401367e-01
5.175285935401916504e-01
5.174661278724670410e-01
5.174037814140319824e-01
5.173416137695312500e-01
5.172796249389648438e-01
5.172179341316223145e-01
5.171563625335693359e-01
5.170950293540954590e-01
5.170339345932006836e-01
5.169729590415954590e-01
5.169122219085693359e-01
5.168516635894775391e-01
5.167912840843200684e-01
5.167311429977416992e-01
5.166711807250976562e-01
5.166113972663879395e-01
5.165518522262573242e-01
5.164924263954162598e-01
5.164332389831542969e-01
5.163741707801818848e-01
5.163153409957885742e-01
5.162567496299743652e-01
5.161982774734497070e-01
5.161400437355041504e-01
5.160819292068481445e-01
5.160240530967712402e-01
5.159664154052734375e-01
5.159088373184204102e-01
5.158514976501464844e-01
5.157943964004516602e-01
5.157374143600463867e-01
5.156806111335754395e-01
5.156240463256835938e-01
5.155676603317260742e-01
5.155114531517028809e-01
5.154553651809692383e-01
5.153994560241699219e-01
5.153437256813049316e-01
5.152882933616638184e-01
5.152329206466674805e-01
5.151777267456054688e-01
5.151227712631225586e-01
5.150679945945739746e-01
5.150133371353149414e-01
5.149589180946350098e-01
5.149046182632446289e-01
5.148504972457885742e-01
5.147965550422668457e-01
5.147427916526794434e-01
5.146892070770263672e-01
5.146358609199523926e-01
5.145825743675231934e-01
5.145294666290283203e-01
5.144765973091125488e-01
5.144238471984863281e-01
5.143712759017944336e-01
5.143188238143920898e-01
5.142666101455688477e-01
5.142146348953247070e-01
5.141626596450805664e-01
5.141109228134155273e-01
5.140594840049743652e-01
5.140080451965332031e-01
5.139567852020263672e-01
5.139057040214538574e-01
5.138548612594604492e-01
5.138041377067565918e-01
5.137535333633422852e-01
5.137031078338623047e-01
5.136528611183166504e-01
5.136027336120605469e-01
5.135529041290283203e-01
5.135030150413513184e-01
5.134534835815429688e-01
5.134040117263793945e-01
5.133547186851501465e-01
5.133055448532104492e-01
5.132565498352050781e-01
5.132077932357788086e-01
5.131590962409973145e-01
5.131105780601501465e-01
5.130622386932373047e-01
5.130140781402587891e-01
5.129660367965698242e-01
5.129181146621704102e-01
5.128703713417053223e-01
5.128227472305297852e-01
5.127753615379333496e-01
5.127280950546264648e-01
5.126809477806091309e-01
5.126339793205261230e-01
5.125871896743774414e-01
5.125404596328735352e-01
5.124939680099487305e-01
5.124475955963134766e-01
5.124013423919677734e-01
5.123553276062011719e-01
5.123093128204345703e-01
5.122635364532470703e-01
5.122178792953491211e-01
5.121724009513854980e-01
5.121270418167114258e-01
5.120818614959716797e-01
5.120367407798767090e-01
5.119917988777160645e-01
5.119470953941345215e-01
5.119025111198425293e-01
5.118579864501953125e-01
5.118136405944824219e-01
5.117694139480590820e-01
5.117253661155700684e-01
5.116814374923706055e-01
5.116376876831054688e-01
5.115940570831298828e-01
5.115506052970886230e-01
5.115072131156921387e-01
5.114639401435852051e-01
5.114208459854125977e-01
5.113779306411743164e-01
5.113351941108703613e-01
5.112924575805664062e-01
5.112499594688415527e-01
5.112075209617614746e-01
5.111653208732604980e-01
5.111231803894042969e-01
5.110811591148376465e-01
5.110393166542053223e-01
5.109976530075073242e-01
5.109559893608093262e-01
5.109145045280456543e-01
5.108732581138610840e-01
5.108320713043212891e-01
5.107909440994262695e-01
5.107500553131103516e-01
5.107092261314392090e-01
5.106685161590576172e-01
5.106280446052551270e-01
5.105876326560974121e-01
5.105473399162292480e-01
5.105072259902954102e-01
5.104672312736511230e-01
5.104272961616516113e-01
5.103874802589416504e-01
5.103479027748107910e-01
5.103083252906799316e-01
5.102689862251281738e-01
5.102297067642211914e-01
5.101906061172485352e-01
5.101515650749206543e-01
5.101126432418823242e-01
5.100739002227783203e-01
5.100352764129638672e-01
5.099967718124389648e-01
5.099583864212036133e-01
5.099201202392578125e-01
5.098819732666015625e-01
5.098439455032348633e-01
5.098060369491577148e-01
5.097682476043701172e-01
5.097305774688720703e-01
5.096930861473083496e-01
5.096556544303894043e-01
5.096183419227600098e-01
5.095810890197753906e-01
5.095441341400146484e-01
5.095071196556091309e-01
5.094702839851379395e-01
5.094336271286010742e-01
5.093970298767089844e-01
5.093604922294616699e-01
5.093241930007934570e-01
5.092879533767700195e-01
5.092518329620361328e-01
5.092157721519470215e-01
5.091799497604370117e-01
5.091440677642822266e-01
5.091084837913513184e-01
5.090728998184204102e-01
5.090374350547790527e-01
5.090020895004272461e-01
5.089668631553649902e-01
5.089318156242370605e-01
5.088967680931091309e-01
5.088618993759155273e-01
5.088271498680114746e-01
5.087924599647521973e-01
5.087579488754272461e-01
5.087235569953918457e-01
5.086891651153564453e-01
5.086549520492553711e-01
5.086208581924438477e-01
5.085868835449218750e-01
5.085529685020446777e-01
5.085192322731018066e-01
5.084855556488037109e-01
5.084519386291503906e-01
5.084184408187866211e-01
5.083851218223571777e-01
5.083519220352172852e-01
5.083187222480773926e-01
5.082857012748718262e-01
5.082527995109558105e-01
5.082199573516845703e-01
5.081871747970581055e-01
5.081546306610107422e-01
5.081220865249633789e-01
5.080897212028503418e-01
5.080574154853820801e-01
5.080251693725585938e-01
5.079931020736694336e-01
5.079611539840698242e-01
5.079291462898254395e-01
5.078973770141601562e-01
5.078657269477844238e-01
5.078341364860534668e-01
5.078026652336120605e-01
5.077711939811706543e-01
5.077400207519531250e-01
5.077087879180908203e-01
5.076776742935180664e-01
5.076466798782348633e-01
5.076158046722412109e-01
5.075850486755371094e-01
5.075542926788330078e-01
5.075236558914184570e-01
5.074931383132934570e-01
5.074627995491027832e-01
5.074324607849121094e-01
5.074023008346557617e-01
5.073721408843994141e-01
5.073421001434326172e-01
5.073121786117553711e-01
5.072823762893676758e-01
5.072526335716247559e-01
5.072230100631713867e-01
5.071934461593627930e-01
5.071640014648437500e-01
5.071345567703247070e-01
5.071053504943847656e-01
5.070762038230895996e-01
5.070471763610839844e-01
5.070181488990783691e-01
5.069893002510070801e-01
5.069604516029357910e-01
5.069317221641540527e-01
5.069031715393066406e-01
5.068746209144592285e-01
5.068461894989013672e-01
5.068178176879882812e-01
5.067895650863647461e-01
5.067614316940307617e-01
5.067332983016967773e-01
5.067053437232971191e-01
5.066774487495422363e-01
5.066495537757873535e-01
5.066218972206115723e-01
5.065943002700805664e-01
5.065667629241943359e-01
5.065392851829528809e-01
5.065119266510009766e-01
5.064846277236938477e-01
5.064574480056762695e-01
5.064303278923034668e-01
5.064032673835754395e-01
5.063763260841369629e-01
5.063495039939880371e-01
5.063227415084838867e-01
5.062960386276245117e-01
5.062694549560546875e-01
5.062429904937744141e-01
5.062165260314941406e-01
5.061902403831481934e-01
5.061639547348022461e-01
5.061377882957458496e-01
5.061116814613342285e-01
5.060856938362121582e-01
5.060598254203796387e-01
5.060338973999023438e-01
5.060080885887145996e-01
5.059824585914611816e-01
5.059568881988525391e-01
5.059313774108886719e-01
5.059059262275695801e-01
5.058805346488952637e-01
5.058552622795104980e-01
5.058301687240600586e-01
5.058049559593200684e-01
5.057799816131591797e-01
5.057550072669982910e-01
5.057300925254821777e-01
5.057053565979003906e-01
5.056806206703186035e-01
5.056560039520263672e-01
5.056313872337341309e-01
5.056069493293762207e-01
5.055825114250183105e-01
5.055581927299499512e-01
5.055339932441711426e-01
5.055097341537475586e-01
5.054857134819030762e-01
5.054616332054138184e-01
5.054377317428588867e-01
5.054138302803039551e-01
5.053900480270385742e-01
5.053663253784179688e-01
5.053427219390869141e-01
