6.931464076042175293e-01
6.929488778114318848e-01
6.927525401115417480e-01
6.925579309463500977e-01
6.923648118972778320e-01
6.921730637550354004e-01
6.919826865196228027e-01
6.917934417724609375e-01
6.916052103042602539e-01
6.914178729057312012e-01
6.912314891815185547e-01
6.910458803176879883e-01
6.908611655235290527e-01
6.906770467758178711e-01
6.904937028884887695e-01
6.903110146522521973e-01
6.901291012763977051e-01
6.899476051330566406e-01
6.897668242454528809e-01
6.895865797996520996e-01
6.894069910049438477e-01
6.892278194427490234e-01
6.890491843223571777e-01
6.888710856437683105e-01
6.886935234069824219e-01
6.885164976119995117e-01
6.883401274681091309e-01
6.881639957427978516e-01
6.879884004592895508e-01
6.878134012222290039e-01
6.876388192176818848e-01
6.874647736549377441e-01
6.872912049293518066e-01
6.871179938316345215e-01
6.869451999664306641e-01
6.867730021476745605e-01
6.866011023521423340e-01
6.864297389984130859e-01
6.862590312957763672e-01
6.860885024070739746e-01
6.859185695648193359e-01
6.857489943504333496e-01
6.855799555778503418e-01
6.854112148284912109e-01
6.852428913116455078e-01
6.850750446319580078e-01
6.849076747894287109e-01
6.847407817840576172e-01
6.845740675926208496e-01
6.844080090522766113e-01
6.842423081398010254e-01
6.840769648551940918e-01
6.839119791984558105e-01
6.837475299835205078e-01
6.835834383964538574e-01
6.834198236465454102e-01
6.832564473152160645e-01
6.830936074256896973e-01
6.829310655593872070e-01
6.827689409255981445e-01
6.826071739196777344e-01
6.824458837509155273e-01
6.822850108146667480e-01
6.821244359016418457e-01
6.819642782211303711e-01
6.818045377731323242e-01
6.816450953483581543e-01
6.814860701560974121e-01
6.813274025917053223e-01
6.811690926551818848e-01
6.810112595558166504e-01
6.808536052703857422e-01
6.806964874267578125e-01
6.805396676063537598e-01
6.803832054138183594e-01
6.802270412445068359e-01
6.800712943077087402e-01
6.799159646034240723e-01
6.797609925270080566e-01
6.796062588691711426e-01
6.794518828392028809e-01
6.792979240417480469e-01
6.791442632675170898e-01
6.789909601211547852e-01
6.788380742073059082e-01
6.786854267120361328e-01
6.785330772399902344e-01
6.783812046051025391e-01
6.782296299934387207e-01
6.780782938003540039e-01
6.779273748397827148e-01
6.777766942977905273e-01
6.776264905929565430e-01
6.774764657020568848e-01
6.773268580436706543e-01
6.771775484085083008e-01
6.770285964012145996e-01
6.768797636032104492e-01
6.767315268516540527e-01
6.765833497047424316e-01
6.764357686042785645e-01
6.762881875038146973e-01
6.761412024497985840e-01
6.759942770004272461e-01
6.758477091789245605e-01
6.757015585899353027e-01
6.755555868148803711e-01
6.754100322723388672e-01
6.752647757530212402e-01
6.751197576522827148e-01
6.749750375747680664e-01
6.748306155204772949e-01
6.746865510940551758e-01
6.745426654815673828e-01
6.743991971015930176e-01
6.742558479309082031e-01
6.741129755973815918e-01
6.739702224731445312e-01
6.738278865814208984e-01
6.736857295036315918e-01
6.735437512397766113e-01
6.734023094177246094e-01
6.732610464096069336e-01
6.731199622154235840e-01
6.729792356491088867e-01
6.728388071060180664e-01
6.726986169815063477e-01
6.725587844848632812e-01
6.724190115928649902e-01
6.722796559333801270e-01
6.721406579017639160e-01
6.720017790794372559e-01
6.718631386756896973e-01
6.717247366905212402e-01
6.715866923332214355e-01
6.714490652084350586e-01
6.713113784790039062e-01
6.711741089820861816e-01
6.710370779037475586e-01
6.709002256393432617e-01
6.707637310028076172e-01
6.706274747848510742e-01
6.704914569854736328e-01
6.703556776046752930e-01
6.702200770378112793e-01
6.700848937034606934e-01
6.699498891830444336e-01
6.698149442672729492e-01
6.696805357933044434e-01
6.695461869239807129e-01
6.694121956825256348e-01
6.692782044410705566e-01
6.691446304321289062e-01
6.690112352371215820e-01
6.688781976699829102e-01
6.687452793121337891e-01
6.686125397682189941e-01
6.684801578521728516e-01
6.683479547500610352e-01
6.682159304618835449e-01
6.680842638015747070e-01
6.679528355598449707e-01
6.678214669227600098e-01
6.676903963088989258e-01
6.675595045089721680e-01
6.674289107322692871e-01
6.672984361648559570e-01
6.671683192253112793e-01
6.670383214950561523e-01
6.669085621833801270e-01
6.667790412902832031e-01
6.666498184204101562e-01
6.665206551551818848e-01
6.663918495178222656e-01
6.662631034851074219e-01
6.661347150802612305e-01
6.660064458847045898e-01
6.658784747123718262e-01
6.657506227493286133e-01
6.656230092048645020e-01
6.654956340789794922e-01
6.653684377670288086e-01
6.652414202690124512e-01
6.651146411895751953e-01
6.649879217147827148e-01
6.648616790771484375e-01
6.647354364395141602e-01
6.646094322204589844e-01
6.644837260246276855e-01
6.643580198287963867e-01
6.642326712608337402e-01
6.641073226928710938e-01
6.639825105667114258e-01
6.638575792312622070e-01
6.637330055236816406e-01
6.636084914207458496e-01
6.634842753410339355e-01
6.633602380752563477e-01
6.632364988327026367e-01
6.631128191947937012e-01
6.629892587661743164e-01
6.628661155700683594e-01
6.627429723739624023e-01
6.626200675964355469e-01
6.624972820281982422e-01
6.623747348785400391e-01
6.622524857521057129e-01
6.621302366256713867e-01
6.620081067085266113e-01
6.618863344192504883e-01
6.617646813392639160e-01
6.616432070732116699e-01
6.615219116210937500e-01
6.614008545875549316e-01
6.612799167633056641e-01
6.611591577529907227e-01
6.610384583473205566e-01
6.609182357788085938e-01
6.607979536056518555e-01
6.606779098510742188e-01
6.605581045150756836e-01
6.604382991790771484e-01
6.603187918663024902e-01
6.601995229721069336e-01
6.600800752639770508e-01
6.599609851837158203e-01
6.598422527313232422e-01
6.597235202789306641e-01
6.596049666404724121e-01
6.594864726066589355e-01
6.593683958053588867e-01
6.592503786087036133e-01
6.591324806213378906e-01
6.590148210525512695e-01
6.588972210884094238e-01
6.587797403335571289e-01
6.586625576019287109e-01
6.585456132888793945e-01
6.584286689758300781e-01
6.583118438720703125e-01
6.581952571868896484e-01
6.580787897109985352e-01
6.579624414443969727e-01
6.578463315963745117e-01
6.577303409576416016e-01
6.576145887374877930e-01
6.574988961219787598e-01
6.573832631111145020e-01
6.572680473327636719e-01
6.571527719497680664e-01
6.570376753807067871e-01
6.569227576255798340e-01
6.568079590797424316e-01
6.566933989524841309e-01
6.565790176391601562e-01
6.564646959304809570e-01
6.563504934310913086e-01
6.562364101409912109e-01
6.561225652694702148e-01
6.560088396072387695e-01
6.558952927589416504e-01
6.557817459106445312e-01
6.556684970855712891e-01
6.555553674697875977e-01
6.554422378540039062e-01
6.553294658660888672e-01
6.552168130874633789e-01
6.551042199134826660e-01
6.549916863441467285e-01
6.548794507980346680e-01
6.547672152519226074e-01
6.546552181243896484e-01
6.545432806015014648e-01
6.544315814971923828e-01
6.543200016021728516e-01
6.542084813117980957e-01
6.540971994400024414e-01
6.539859771728515625e-01
6.538748741149902344e-01
6.537639498710632324e-01
6.536531448364257812e-01
6.535425186157226562e-01
6.534320116043090820e-01
6.533215045928955078e-01
6.532112360000610352e-01
6.531012654304504395e-01
6.529911756515502930e-01
6.528812050819396973e-01
6.527715325355529785e-01
6.526619195938110352e-01
6.525523662567138672e-01
6.524429917335510254e-01
6.523339152336120605e-01
6.522247791290283203e-01
6.521156430244445801e-01
6.520069837570190430e-01
6.518981456756591797e-01
6.517896652221679688e-01
6.516810059547424316e-01
6.515727639198303223e-01
6.514645814895629883e-01
6.513564586639404297e-01
6.512485146522521973e-01
6.511406302452087402e-01
6.510329842567443848e-01
6.509252190589904785e-01
6.508178114891052246e-01
6.507105827331542969e-01
6.506032347679138184e-01
6.504960656166076660e-01
6.503891348838806152e-01
6.502821445465087891e-01
6.501753926277160645e-01
6.500688195228576660e-01
6.499622464179992676e-01
6.498559117317199707e-01
6.497495174407958984e-01
6.496434807777404785e-01
6.495374441146850586e-01
6.494314074516296387e-01
6.493256688117980957e-01
6.492199301719665527e-01
6.491142511367797852e-01
6.490088701248168945e-01
6.489034295082092285e-01
6.487982273101806641e-01
6.486931443214416504e-01
6.485881209373474121e-01
6.484832167625427246e-01
6.483784914016723633e-01
6.482737660408020020e-01
6.481691598892211914e-01
6.480647325515747070e-01
6.479603648185729980e-01
6.478561758995056152e-01
6.477520465850830078e-01
6.476479172706604004e-01
6.475440263748168945e-01
6.474401950836181641e-01
6.473366022109985352e-01
6.472329497337341309e-01
6.471294760704040527e-01
6.470261216163635254e-01
6.469228863716125488e-01
6.468197107315063477e-01
6.467167139053344727e-01
6.466137170791625977e-01
6.465108990669250488e-01
6.464082002639770508e-01
6.463056206703186035e-01
6.462030410766601562e-01
6.461006402969360352e-01
6.459984183311462402e-01
6.458960771560668945e-01
6.457941532135009766e-01
6.456920504570007324e-01
6.455901861190795898e-01
6.454884409904479980e-01
6.453866958618164062e-01
6.452851891517639160e-01
6.451837420463562012e-01
6.450823545455932617e-01
6.449810862541198730e-01
6.448798775672912598e-01
6.447787880897521973e-01
6.446778178215026855e-01
6.445769071578979492e-01
6.444761753082275391e-01
6.443754434585571289e-01
6.442748904228210449e-01
6.441743969917297363e-01
6.440741419792175293e-01
6.439737081527709961e-01
6.438735127449035645e-01
6.437735557556152344e-01
6.436735987663269043e-01
6.435737013816833496e-01
6.434738636016845703e-01
6.433742642402648926e-01
6.432744860649108887e-01
6.431751251220703125e-01
6.430757045745849609e-01
6.429764628410339355e-01
6.428771615028381348e-01
6.427780985832214355e-01
6.426790356636047363e-01
6.425800919532775879e-01
6.424812078475952148e-01
6.423825621604919434e-01
6.422837972640991211e-01
6.421853303909301758e-01
6.420868635177612305e-01
6.419885158538818359e-01
6.418901681900024414e-01
6.417919993400573730e-01
6.416939496994018555e-01
6.415959596633911133e-01
6.414979696273803711e-01
6.414000988006591797e-01
6.413025856018066406e-01
6.412048935890197754e-01
6.411073207855224609e-01
6.410098671913146973e-01
6.409125924110412598e-01
6.408152580261230469e-01
6.407180428504943848e-01
6.406209468841552734e-01
6.405240297317504883e-01
6.404271125793457031e-01
6.403303146362304688e-01
6.402335762977600098e-01
6.401368379592895508e-01
6.400403380393981934e-01
6.399438977241516113e-01
6.398474574089050293e-01
6.397511363029479980e-01
6.396549344062805176e-01
6.395587921142578125e-01
6.394627690315246582e-01
6.393668651580810547e-01
6.392710804939270020e-01
6.391752958297729492e-01
6.390795111656188965e-01
6.389840245246887207e-01
6.388884186744689941e-01
6.387928724288940430e-01
6.386977434158325195e-01
6.386023759841918945e-01
6.385071873664855957e-01
6.384120583534240723e-01
6.383171677589416504e-01
6.382222175598144531e-01
6.381273865699768066e-01
6.380325555801391602e-01
6.379379630088806152e-01
6.378433108329772949e-01
6.377488374710083008e-01
6.376543641090393066e-01
6.375600695610046387e-01
6.374657750129699707e-01
6.373715996742248535e-01
6.372776031494140625e-01
6.371836066246032715e-01
6.370896100997924805e-01
6.369957327842712402e-01
6.369019746780395508e-01
6.368082761764526367e-01
6.367146968841552734e-01
6.366210579872131348e-01
6.365277171134948730e-01
6.364344358444213867e-01
6.363411545753479004e-01
6.362478733062744141e-01
6.361547708511352539e-01
6.360617280006408691e-01
6.359687447547912598e-01
6.358759999275207520e-01
6.357831358909606934e-01
6.356903314590454102e-01
6.355977654457092285e-01
6.355050802230834961e-01
6.354127526283264160e-01
6.353202462196350098e-01
6.352278590202331543e-01
6.351357102394104004e-01
6.350435018539428711e-01
6.349514722824096680e-01
6.348594427108764648e-01
6.347674131393432617e-01
6.346755623817443848e-01
6.345838308334350586e-01
6.344920396804809570e-01
6.344004869461059570e-01
6.343088746070861816e-01
6.342173814773559570e-01
6.341260671615600586e-01
6.340346932411193848e-01
6.339433789253234863e-01
6.338521242141723633e-01
6.337611079216003418e-01
6.336699724197387695e-01
6.335790753364562988e-01
6.334881782531738281e-01
6.333974599838256836e-01
6.333066821098327637e-01
6.332160830497741699e-01
6.331255435943603516e-01
6.330349445343017578e-01
6.329446434974670410e-01
6.328541636466979980e-01
6.327638626098632812e-01
6.326737403869628906e-01
6.325835585594177246e-01
6.324934959411621094e-01
6.324034929275512695e-01
6.323136091232299805e-01
6.322237253189086914e-01
6.321340799331665039e-01
6.320443153381347656e-01
6.319546699523925781e-01
6.318650841712951660e-01
6.317756772041320801e-01
6.316862702369689941e-01
6.315969228744506836e-01
6.315076947212219238e-01
6.314184665679931641e-01
6.313292980194091797e-01
6.312403082847595215e-01
6.311512589454650879e-01
6.310624480247497559e-01
6.309734582901000977e-01
6.308848261833190918e-01
6.307960748672485352e-01
6.307074427604675293e-01
6.306189298629760742e-01
6.305304765701293945e-01
6.304420232772827148e-01
6.303536891937255859e-01
6.302655935287475586e-01
6.301773190498352051e-01
6.300891637802124023e-01
6.300011277198791504e-01
6.299130916595458984e-01
6.298252344131469727e-01
6.297373175621032715e-01
6.296495199203491211e-01
6.295617818832397461e-01
6.294741034507751465e-01
6.293866634368896484e-01
6.292991042137145996e-01
6.292116641998291016e-01
6.291242837905883789e-01
6.290370821952819824e-01
6.289497017860412598e-01
6.288626194000244141e-01
6.287755966186523438e-01
6.286884546279907227e-01
6.286015510559082031e-01
6.285147070884704590e-01
6.284278035163879395e-01
6.283410191535949707e-01
6.282544136047363281e-01
6.281676888465881348e-01
6.280811429023742676e-01
6.279946565628051758e-01
6.279082894325256348e-01
6.278219223022460938e-01
6.277356147766113281e-01
6.276495456695556641e-01
6.275632381439208984e-01
6.274771690368652344e-01
6.273911595344543457e-01
6.273052096366882324e-01
6.272192597389221191e-01
6.271334886550903320e-01
6.270476579666137695e-01
6.269620656967163086e-01
6.268764138221740723e-01
6.267908811569213867e-01
6.267053484916687012e-01
6.266198754310607910e-01
6.265344619750976562e-01
6.264492273330688477e-01
6.263639330863952637e-01
6.262788772583007812e-01
6.261937618255615234e-01
6.261086463928222656e-01
6.260237693786621094e-01
6.259388327598571777e-01
6.258539557456970215e-01
6.257691979408264160e-01
6.256844401359558105e-01
6.255998611450195312e-01
6.255151629447937012e-01
6.254305839538574219e-01
6.253461837768554688e-01
6.252617835998535156e-01
6.251775026321411133e-01
6.250931620597839355e-01
6.250089406967163086e-01
6.249248385429382324e-01
6.248407363891601562e-01
6.247567534446716309e-01
6.246727108955383301e-01
6.245889067649841309e-01
6.245051026344299316e-01
6.244212985038757324e-01
6.243375539779663086e-01
6.242538690567016602e-01
6.241703033447265625e-01
6.240867972373962402e-01
6.240033507347106934e-01
6.239199638366699219e-01
6.238366961479187012e-01
6.237533092498779297e-01
6.236701011657714844e-01
6.235870718955993652e-01
6.235039234161376953e-01
6.234209537506103516e-01
6.233379840850830078e-01
6.232550740242004395e-01
6.231721639633178711e-01
6.230894327163696289e-01
6.230066418647766113e-01
6.229240894317626953e-01
6.228414773941040039e-01
6.227589249610900879e-01
6.226764321327209473e-01
6.225939989089965820e-01
6.225116848945617676e-01
6.224294900894165039e-01
6.223471164703369141e-01
6.222649216651916504e-01
6.221829056739807129e-01
6.221007704734802246e-01
6.220188736915588379e-01
6.219369173049926758e-01
6.218550801277160645e-01
6.217733025550842285e-01
6.216914653778076172e-01
6.216098070144653320e-01
6.215281486511230469e-01
6.214466691017150879e-01
6.213651299476623535e-01
6.212837100028991699e-01
6.212022900581359863e-01
6.211209893226623535e-01
6.210396885871887207e-01
6.209585070610046387e-01
6.208773851394653320e-01
6.207962632179260254e-01
6.207152009010314941e-01
6.206341981887817383e-01
6.205533742904663086e-01
6.204724311828613281e-01
6.203917264938354492e-01
6.203109622001647949e-01
6.202301979064941406e-01
6.201496720314025879e-01
6.200690865516662598e-01
6.199885606765747070e-01
6.199081540107727051e-01
6.198277473449707031e-01
6.197473406791687012e-01
6.196669936180114746e-01
6.195868849754333496e-01
6.195067167282104492e-01
6.194266676902770996e-01
6.193465590476989746e-01
6.192666292190551758e-01
6.191866993904113770e-01
6.191068291664123535e-01
6.190270185470581055e-01
6.189472079277038574e-01
6.188675165176391602e-01
6.187878847122192383e-01
6.187082529067993164e-01
6.186287999153137207e-01
6.185492277145385742e-01
6.184699535369873047e-01
6.183906197547912598e-01
6.183112263679504395e-01
6.182320117950439453e-01
6.181528568267822266e-01
6.180737018585205078e-01
6.179946660995483398e-01
6.179156899452209473e-01
6.178366541862487793e-01
6.177576184272766113e-01
6.176789402961730957e-01
6.176002025604248047e-01
6.175213456153869629e-01
6.174426674842834473e-01
6.173640489578247070e-01
6.172854900360107422e-01
6.172069907188415527e-01
6.171286106109619141e-01
6.170502305030822754e-01
6.169717311859130859e-01
6.168935894966125488e-01
6.168152689933776855e-01
6.167371869087219238e-01
6.166589856147766113e-01
6.165810227394104004e-01
6.165028810501098633e-01
6.164248585700988770e-01
6.163470745086669922e-01
6.162692904472351074e-01
6.161914467811584473e-01
6.161136627197265625e-01
6.160361170768737793e-01
6.159584522247314453e-01
6.158809065818786621e-01
6.158033609390258789e-01
6.157258152961730957e-01
6.156485080718994141e-01
6.155710816383361816e-01
6.154938340187072754e-01
6.154165863990783691e-01
6.153393983840942383e-01
6.152622103691101074e-01
6.151852011680603027e-01
6.151083111763000488e-01
6.150313019752502441e-01
6.149542331695556641e-01
6.148774623870849609e-01
6.148005127906799316e-01
6.147238016128540039e-01
6.146471500396728516e-01
6.145704984664916992e-01
6.144939661026000977e-01
6.144173741340637207e-01
6.143409013748168945e-01
6.142645478248596191e-01
6.141880750656127930e-01
6.141117811203002930e-01
6.140354275703430176e-01
6.139592528343200684e-01
6.138831377029418945e-01
6.138070225715637207e-01
6.137309670448303223e-01
6.136549711227416992e-01
6.135790348052978516e-01
6.135030984878540039e-01
6.134272813796997070e-01
6.133515238761901855e-01
6.132757067680358887e-01
6.132000088691711426e-01
6.131244301795959473e-01
6.130487322807312012e-01
6.129733324050903320e-01
6.128978133201599121e-01
6.128224730491638184e-01
6.127470731735229492e-01
6.126716136932373047e-01
6.125965118408203125e-01
6.125212311744689941e-01
6.124461293220520020e-01
6.123709678649902344e-01
6.122957468032836914e-01
6.122208833694458008e-01
6.121458411216735840e-01
6.120710968971252441e-01
6.119962930679321289e-01
6.119214296340942383e-01
6.118467450141906738e-01
6.117720007896423340e-01
6.116973161697387695e-01
6.116227507591247559e-01
6.115482449531555176e-01
6.114737987518310547e-01
6.113992333412170410e-01
6.113249659538269043e-01
6.112506389617919922e-01
6.111762523651123047e-01
6.111020445823669434e-01
6.110279560089111328e-01
6.109538078308105469e-01
6.108796596527099609e-01
6.108057498931884766e-01
6.107317209243774414e-01
6.106578111648559570e-01
6.105838418006896973e-01
6.105101704597473145e-01
6.104363203048706055e-01
6.103626489639282227e-01
6.102889776229858398e-01
6.102154254913330078e-01
6.101418137550354004e-01
6.100682616233825684e-01
6.099947690963745117e-01
6.099214553833007812e-01
6.098480820655822754e-01
6.097747683525085449e-01
6.097015142440795898e-01
6.096282601356506348e-01
6.095551252365112305e-01
6.094819307327270508e-01
6.094088554382324219e-01
6.093358993530273438e-01
6.092629432678222656e-01
6.091901063919067383e-01
6.091171503067016602e-01
6.090444922447204590e-01
6.089716553688049316e-01
6.088989377021789551e-01
6.088263392448425293e-01
6.087536215782165527e-01
6.086811423301696777e-01
6.086085438728332520e-01
6.085360646247863770e-01
6.084637045860290527e-01
6.083913445472717285e-01
6.083190441131591797e-01
6.082468628883361816e-01
6.081746816635131836e-01
6.081024408340454102e-01
6.080303788185119629e-01
6.079582571983337402e-01
6.078861951828002930e-01
6.078143119812011719e-01
6.077423691749572754e-01
6.076704859733581543e-01
6.075986623764038086e-01
6.075268983840942383e-01
6.074551939964294434e-01
6.073834896087646484e-01
6.073119044303894043e-01
6.072403192520141602e-01
6.071687936782836914e-01
6.070973277091979980e-01
6.070258617401123047e-01
6.069545745849609375e-01
6.068832278251647949e-01
6.068119406700134277e-01
6.067406535148620605e-01
6.066694855690002441e-01
6.065983176231384277e-01
6.065272688865661621e-01
6.064562201499938965e-01
6.063852310180664062e-01
6.063142418861389160e-01
6.062435507774353027e-01
6.061725616455078125e-01
6.061018109321594238e-01
6.060310602188110352e-01
6.059603095054626465e-01
6.058895587921142578e-01
6.058191657066345215e-01
6.057485342025756836e-01
6.056780815124511719e-01
6.056075692176818848e-01
6.055371761322021484e-01
6.054668426513671875e-01
6.053965091705322266e-01
6.053262352943420410e-01
6.052559614181518555e-01
6.051858663558959961e-01
6.051157116889953613e-01
6.050456762313842773e-01
6.049756407737731934e-01
6.049056053161621094e-01
6.048356890678405762e-01
6.047658324241638184e-01
6.046959161758422852e-01
6.046262383460998535e-01
6.045565009117126465e-01
6.044867038726806641e-01
6.044170856475830078e-01
6.043474078178405762e-01
6.042780280113220215e-01
6.042084693908691406e-01
6.041389703750610352e-01
6.040694713592529297e-01
6.040002107620239258e-01
6.039307713508605957e-01
6.038615703582763672e-01
6.037924885749816895e-01
6.037231683731079102e-01
6.036540269851684570e-01
6.035850048065185547e-01
6.035159826278686523e-01
6.034469008445739746e-01
6.033780574798583984e-01
6.033090949058532715e-01
6.032403707504272461e-01
6.031714081764221191e-01
6.031028032302856445e-01
6.030339002609252930e-01
6.029653549194335938e-01
6.028966307640075684e-01
6.028282046318054199e-01
6.027596592903137207e-01
6.026910543441772461e-01
6.026226878166198730e-01
6.025543212890625000e-01
6.024859547615051270e-01
6.024176478385925293e-01
6.023494005203247070e-01
6.022812128067016602e-01
6.022131443023681641e-01
6.021448969841003418e-01
6.020768284797668457e-01
6.020087599754333496e-01
6.019408702850341797e-01
6.018729805946350098e-01
6.018050909042358398e-01
6.017372608184814453e-01
6.016695499420166016e-01
6.016016602516174316e-01
6.015340089797973633e-01
6.014663577079772949e-01
6.013988256454467773e-01
6.013312339782714844e-01
6.012637615203857422e-01
6.011962294578552246e-01
6.011288166046142578e-01
6.010614037513732910e-01
6.009939908981323242e-01
6.009267568588256836e-01
6.008595228195190430e-01
6.007923483848571777e-01
6.007251739501953125e-01
6.006580591201782227e-01
6.005908846855163574e-01
6.005239486694335938e-01
6.004570126533508301e-01
6.003901958465576172e-01
6.003232002258300781e-01
6.002563238143920898e-01
6.001895666122436523e-01
6.001228690147399902e-01
6.000561118125915527e-01
5.999894142150878906e-01
5.999228358268737793e-01
5.998563170433044434e-01
5.997897386550903320e-01
5.997233390808105469e-01
5.996568202972412109e-01
5.995904803276062012e-01
5.995241403579711914e-01
5.994578003883361816e-01
5.993915796279907227e-01
5.993253588676452637e-01
5.992591381072998047e-01
5.991930365562438965e-01
5.991269946098327637e-01
5.990609526634216309e-01
5.989949107170104980e-01
5.989289283752441406e-01
5.988631844520568848e-01
5.987973213195800781e-01
5.987314581871032715e-01
5.986656546592712402e-01
5.985999107360839844e-01
5.985343456268310547e-01
5.984684824943542480e-01
5.984029769897460938e-01
5.983375310897827148e-01
5.982719659805297852e-01
5.982065796852111816e-01
5.981410145759582520e-01
5.980757474899291992e-01
5.980104207992553711e-01
5.979450941085815430e-01
5.978798270225524902e-01
5.978147387504577637e-01
5.977495312690734863e-01
5.976843833923339844e-01
5.976192951202392578e-01
5.975542664527893066e-01
5.974893569946289062e-01
5.974243283271789551e-01
5.973594784736633301e-01
5.972946286201477051e-01
5.972298383712768555e-01
5.971650481224060059e-01
5.971003770828247070e-01
5.970357656478881836e-01
5.969710946083068848e-01
5.969063639640808105e-01
5.968419313430786133e-01
5.967774391174316406e-01
5.967129468917846680e-01
5.966485142707824707e-01
5.965841412544250488e-01
5.965198278427124023e-01
5.964555144309997559e-01
5.963912606239318848e-01
5.963271260261535645e-01
5.962629318237304688e-01
5.961988568305969238e-01
5.961347222328186035e-01
5.960707664489746094e-01
5.960066914558410645e-01
5.959428548812866211e-01
5.958790183067321777e-01
5.958150029182434082e-01
5.957512259483337402e-01
5.956873893737792969e-01
5.956236720085144043e-01
5.955600738525390625e-01
5.954963564872741699e-01
5.954328179359436035e-01
5.953693389892578125e-01
5.953057408332824707e-01
5.952422618865966797e-01
5.951787829399108887e-01
5.951154232025146484e-01
5.950520038604736328e-01
5.949888229370117188e-01
5.949254631996154785e-01
5.948622822761535645e-01
5.947991013526916504e-01
5.947359204292297363e-01
5.946727991104125977e-01
5.946097373962402344e-01
5.945467948913574219e-01
5.944837927818298340e-01
5.944209098815917969e-01
