6.931473016738891602e-01
6.884996891021728516e-01
6.841723918914794922e-01
6.801192164421081543e-01
6.763014793395996094e-01
6.726869940757751465e-01
6.692489385604858398e-01
6.659645438194274902e-01
6.628150343894958496e-01
6.597847342491149902e-01
6.568602919578552246e-01
6.540307998657226562e-01
6.512866616249084473e-01
6.486200690269470215e-01
6.460244655609130859e-01
6.434941887855529785e-01
6.410242319107055664e-01
6.386106610298156738e-01
6.362500190734863281e-01
6.339393854141235352e-01
6.316757798194885254e-01
6.294572353363037109e-01
6.272817254066467285e-01
6.251474022865295410e-01
6.230527758598327637e-01
6.209964752197265625e-01
6.189772486686706543e-01
6.169939041137695312e-01
6.150456070899963379e-01
6.131312251091003418e-01
6.112500429153442383e-01
6.094011664390563965e-01
6.075839400291442871e-01
6.057975292205810547e-01
6.040413975715637207e-01
6.023147702217102051e-01
6.006172299385070801e-01
5.989480614662170410e-01
5.973069071769714355e-01
5.956929922103881836e-01
5.941058993339538574e-01
5.925452709197998047e-01
5.910105109214782715e-01
5.895010828971862793e-01
5.880166292190551758e-01
5.865566730499267578e-01
5.851209163665771484e-01
5.837088227272033691e-01
5.823198556900024414e-01
5.809538960456848145e-01
5.796102881431579590e-01
5.782889723777770996e-01
5.769891738891601562e-01
5.757108926773071289e-01
5.744535326957702637e-01
5.732167959213256836e-01
5.720003247261047363e-01
5.708038806915283203e-01
5.696269869804382324e-01
5.684694051742553711e-01
5.673307180404663086e-01
5.662107467651367188e-01
5.651090741157531738e-01
5.640254616737365723e-01
5.629596114158630371e-01
5.619111061096191406e-01
5.608798265457153320e-01
5.598652958869934082e-01
5.588673949241638184e-01
5.578858256340026855e-01
5.569202303886413574e-01
5.559704303741455078e-01
5.550361871719360352e-01
5.541170835494995117e-01
5.532131791114807129e-01
5.523238182067871094e-01
5.514490008354187012e-01
5.505884885787963867e-01
5.497419834136962891e-01
5.489091873168945312e-01
5.480900406837463379e-01
5.472841262817382812e-01
5.464914441108703613e-01
5.457116365432739258e-01
5.449445247650146484e-01
5.441898107528686523e-01
5.434474349021911621e-01
5.427170991897583008e-01
5.419985055923461914e-01
5.412918329238891602e-01
5.405965447425842285e-01
5.399125218391418457e-01
5.392395257949829102e-01
5.385776162147521973e-01
5.379263162612915039e-01
5.372856259346008301e-01
5.366553664207458496e-01
5.360352396965026855e-01
5.354251861572265625e-01
5.348250269889831543e-01
5.342345833778381348e-01
5.336536765098571777e-01
5.330821871757507324e-01
5.325199961662292480e-01
5.319668650627136230e-01
5.314226746559143066e-01
5.308872461318969727e-01
5.303605198860168457e-01
5.298423171043395996e-01
5.293324589729309082e-01
5.288307666778564453e-01
5.283372402191162109e-01
5.278517007827758789e-01
5.273740291595458984e-01
5.269039869308471680e-01
5.264415740966796875e-01
5.259866118431091309e-01
5.255389809608459473e-01
5.250985622406005859e-01
5.246651768684387207e-01
5.242388844490051270e-01
5.238193869590759277e-01
5.234066247940063477e-01
5.230005383491516113e-01
5.226009488105773926e-01
5.222078561782836914e-01
5.218210816383361816e-01
5.214405655860900879e-01
5.210660696029663086e-01
5.206975936889648438e-01
5.203350782394409180e-01
5.199783444404602051e-01
5.196273922920227051e-01
5.192820429801940918e-01
5.189422369003295898e-01
5.186079740524291992e-01
5.182788968086242676e-01
5.179552435874938965e-01
5.176367759704589844e-01
5.173233151435852051e-01
5.170149207115173340e-01
5.167114734649658203e-01
5.164129734039306641e-01
5.161191225051879883e-01
5.158300399780273438e-01
5.155456066131591797e-01
5.152657032012939453e-01
5.149902105331420898e-01
5.147191882133483887e-01
5.144525170326232910e-01
5.141900777816772461e-01
5.139318108558654785e-01
5.136777162551879883e-01
5.134276151657104492e-01
5.131816267967224121e-01
5.129394531250000000e-01
5.127012729644775391e-01
5.124667882919311523e-01
5.122360587120056152e-01
5.120090842247009277e-01
5.117856264114379883e-01
5.115658044815063477e-01
5.113494992256164551e-01
5.111365318298339844e-01
5.109270811080932617e-01
5.107209086418151855e-01
5.105180144309997559e-01
5.103183388710021973e-01
5.101219415664672852e-01
5.099286437034606934e-01
5.097383260726928711e-01
5.095511078834533691e-01
5.093669295310974121e-01
5.091855525970458984e-01
5.090071558952331543e-01
5.088315606117248535e-01
5.086587667465209961e-01
5.084886550903320312e-01
5.083213448524475098e-01
5.081566572189331055e-01
5.079945325851440430e-01
5.078350901603698730e-01
5.076780915260314941e-01
5.075236558914184570e-01
5.073716044425964355e-01
5.072219967842102051e-01
5.070747137069702148e-01
5.069298148155212402e-01
5.067873001098632812e-01
5.066469311714172363e-01
5.065087676048278809e-01
5.063728690147399902e-01
5.062390565872192383e-01
5.061074495315551758e-01
5.059779286384582520e-01
5.058504343032836914e-01
5.057249069213867188e-01
5.056014060974121094e-01
5.054798722267150879e-01
5.053602457046508789e-01
5.052424669265747070e-01
5.051265954971313477e-01
5.050125718116760254e-01
5.049003958702087402e-01
5.047899484634399414e-01
5.046812295913696289e-01
5.045742392539978027e-01
5.044689774513244629e-01
5.043652653694152832e-01
5.042633414268493652e-01
5.041629076004028320e-01
5.040641427040100098e-01
5.039669275283813477e-01
5.038712620735168457e-01
5.037770867347717285e-01
5.036842823028564453e-01
5.035930871963500977e-01
5.035032629966735840e-01
5.034149289131164551e-01
5.033279657363891602e-01
5.032423138618469238e-01
5.031580924987792969e-01
5.030751228332519531e-01
5.029935240745544434e-01
5.029131770133972168e-01
5.028340816497802734e-01
5.027562975883483887e-01
5.026797056198120117e-01
5.026043057441711426e-01
5.025301575660705566e-01
5.024570226669311523e-01
5.023851990699768066e-01
5.023144483566284180e-01
5.022448301315307617e-01
5.021762847900390625e-01
5.021088123321533203e-01
5.020424127578735352e-01
5.019770860671997070e-01
5.019127726554870605e-01
5.018494129180908203e-01
5.017871260643005371e-01
5.017257332801818848e-01
5.016654133796691895e-01
5.016059875488281250e-01
5.015475153923034668e-01
5.014899373054504395e-01
5.014333128929138184e-01
5.013775229454040527e-01
5.013226270675659180e-01
5.012685656547546387e-01
5.012153983116149902e-01
5.011630654335021973e-01
5.011115670204162598e-01
5.010608434677124023e-01
5.010108947753906250e-01
5.009617805480957031e-01
5.009133815765380859e-01
5.008657574653625488e-01
5.008189678192138672e-01
5.007728338241577148e-01
5.007274150848388672e-01
5.006827712059020996e-01
5.006387233734130859e-01
5.005954504013061523e-01
5.005528330802917480e-01
5.005109310150146484e-01
5.004696249961853027e-01
5.004289746284484863e-01
5.003890395164489746e-01
5.003496408462524414e-01
5.003108382225036621e-01
5.002726912498474121e-01
5.002351403236389160e-01
5.001981854438781738e-01
5.001618266105651855e-01
5.001260042190551758e-01
5.000907778739929199e-01
5.000560283660888672e-01
5.000218749046325684e-01
4.999882876873016357e-01
4.999551177024841309e-01
4.999225735664367676e-01
4.998904764652252197e-01
4.998589456081390381e-01
4.998278915882110596e-01
4.997972846031188965e-01
4.997671842575073242e-01
4.997375607490539551e-01
4.997083842754364014e-01
4.996796548366546631e-01
4.996514320373535156e-01
4.996235966682434082e-01
4.995962381362915039e-01
4.995692670345306396e-01
4.995426833629608154e-01
4.995165765285491943e-01
4.994908571243286133e-01
4.994655847549438477e-01
4.994406402111053467e-01
4.994161128997802734e-01
4.993920028209686279e-01
4.993682205677032471e-01
4.993448257446289062e-01
4.993218183517456055e-01
4.992991387844085693e-01
4.992768168449401855e-01
4.992548823356628418e-01
4.992332458496093750e-01
4.992119371891021729e-01
4.991909861564636230e-01
4.991703629493713379e-01
4.991500377655029297e-01
4.991300702095031738e-01
4.991104006767272949e-01
4.990910589694976807e-01
4.990719854831695557e-01
4.990532100200653076e-01
4.990347325801849365e-01
4.990165531635284424e-01
4.989986121654510498e-01
4.989810287952423096e-01
4.989636540412902832e-01
4.989466071128845215e-01
4.989297986030578613e-01
4.989132583141326904e-01
4.988968968391418457e-01
4.988809525966644287e-01
4.988651573657989502e-01
4.988496005535125732e-01
4.988343119621276855e-01
4.988192319869995117e-01
4.988044202327728271e-01
4.987898766994476318e-01
4.987754821777343750e-01
4.987613260746002197e-01
4.987474083900451660e-01
4.987337291240692139e-01
4.987202584743499756e-01
4.987069368362426758e-01
4.986938834190368652e-01
4.986810386180877686e-01
4.986683726310729980e-01
4.986558854579925537e-01
4.986435770988464355e-01
4.986315071582794189e-01
4.986196160316467285e-01
4.986079037189483643e-01
4.985964000225067139e-01
4.985850453376770020e-01
4.985738694667816162e-01
4.985629022121429443e-01
4.985520839691162109e-01
4.985413849353790283e-01
4.985308945178985596e-01
4.985205829143524170e-01
4.985104203224182129e-01
4.985003769397735596e-01
4.984905421733856201e-01
4.984808266162872314e-01
4.984712898731231689e-01
4.984619021415710449e-01
4.984526336193084717e-01
4.984435141086578369e-01
4.984345436096191406e-01
4.984257221221923828e-01
4.984170496463775635e-01
4.984084367752075195e-01
4.984000623226165771e-01
4.983917772769927979e-01
4.983836114406585693e-01
4.983755350112915039e-01
4.983676373958587646e-01
4.983598887920379639e-01
4.983522295951843262e-01
4.983446896076202393e-01
4.983372092247009277e-01
4.983299076557159424e-01
4.983227252960205078e-01
4.983156323432922363e-01
4.983086287975311279e-01
4.983017742633819580e-01
4.982950091361999512e-01
4.982883334159851074e-01
4.982818067073822021e-01
4.982753396034240723e-01
4.982689917087554932e-01
4.982627630233764648e-01
4.982566237449645996e-01
4.982505142688751221e-01
4.982445836067199707e-01
4.982387125492095947e-01
4.982329010963439941e-01
4.982272386550903320e-01
4.982216060161590576e-01
4.982161223888397217e-01
4.982107281684875488e-01
4.982053339481353760e-01
4.982001185417175293e-01
4.981948733329772949e-01
4.981898069381713867e-01
4.981847405433654785e-01
4.981798231601715088e-01
4.981749653816223145e-01
4.981701672077178955e-01
4.981654584407806396e-01
4.981608390808105469e-01
4.981562197208404541e-01
4.981516897678375244e-01
4.981473088264465332e-01
4.981429278850555420e-01
4.981386363506317139e-01
4.981344342231750488e-01
4.981302618980407715e-01
4.981261491775512695e-01
4.981221258640289307e-01
4.981181025505065918e-01
4.981142282485961914e-01
4.981103837490081787e-01
4.981066286563873291e-01
4.981028735637664795e-01
4.980992078781127930e-01
4.980956017971038818e-01
4.980919957160949707e-01
4.980885088443756104e-01
4.980850815773010254e-01
4.980816841125488281e-01
4.980783462524414062e-01
4.980750679969787598e-01
4.980717897415161133e-01
4.980686306953430176e-01
4.980654716491699219e-01
4.980624020099639893e-01
4.980593323707580566e-01
4.980563521385192871e-01
4.980534017086029053e-01
4.980505108833312988e-01
4.980476200580596924e-01
4.980448484420776367e-01
4.980420470237731934e-01
4.980393052101135254e-01
4.980366528034210205e-01
4.980340003967285156e-01
4.980314373970031738e-01
4.980288445949554443e-01
4.980262815952301025e-01
4.980238378047943115e-01
4.980213940143585205e-01
4.980189502239227295e-01
4.980165958404541016e-01
4.980142712593078613e-01
4.980119764804840088e-01
4.980097413063049316e-01
4.980075359344482422e-01
4.980052709579467773e-01
4.980031549930572510e-01
4.980010390281677246e-01
4.979989230632781982e-01
4.979969263076782227e-01
4.979948401451110840e-01
4.979928135871887207e-01
4.979908466339111328e-01
4.979889690876007080e-01
4.979870617389678955e-01
4.979851543903350830e-01
4.979833960533142090e-01
4.979815185070037842e-01
4.979797601699829102e-01
4.979779422283172607e-01
4.979762732982635498e-01
4.979745149612426758e-01
4.979728758335113525e-01
4.979711771011352539e-01
4.979695379734039307e-01
4.979679584503173828e-01
4.979663789272308350e-01
4.979647994041442871e-01
4.979633390903472900e-01
4.979617893695831299e-01
4.979603290557861328e-01
4.979588687419891357e-01
4.979574382305145264e-01
4.979559779167175293e-01
4.979546368122100830e-01
4.979532361030578613e-01
4.979518949985504150e-01
4.979505836963653564e-01
4.979492723941802979e-01
4.979479610919952393e-01
4.979467093944549561e-01
4.979454874992370605e-01
4.979442059993743896e-01
4.979430139064788818e-01
4.979417622089385986e-01
4.979406595230102539e-01
4.979395270347595215e-01
4.979383349418640137e-01
4.979372024536132812e-01
4.979360997676849365e-01
4.979350268840789795e-01
4.979339540004730225e-01
4.979329109191894531e-01
4.979318976402282715e-01
4.979309141635894775e-01
4.979298710823059082e-01
4.979288876056671143e-01
4.979279339313507080e-01
4.979269206523895264e-01
4.979259967803955078e-01
4.979250431060791016e-01
4.979241490364074707e-01
4.979232549667358398e-01
4.979223906993865967e-01
4.979214966297149658e-01
4.979206621646881104e-01
4.979198276996612549e-01
4.979189336299896240e-01
4.979181587696075439e-01
4.979173541069030762e-01
4.979165792465209961e-01
4.979157745838165283e-01
4.979149997234344482e-01
4.979142546653747559e-01
4.979135096073150635e-01
4.979127049446105957e-01
4.979120492935180664e-01
4.979113340377807617e-01
4.979106187820434570e-01
4.979099333286285400e-01
4.979092478752136230e-01
4.979085922241210938e-01
4.979079365730285645e-01
4.979072809219360352e-01
4.979066550731658936e-01
4.979060292243957520e-01
4.979054331779479980e-01
4.979047775268554688e-01
4.979041814804077148e-01
4.979035854339599609e-01
4.979029893875122070e-01
4.979024529457092285e-01
4.979019165039062500e-01
4.979013204574584961e-01
4.979007840156555176e-01
4.979002773761749268e-01
4.978997111320495605e-01
4.978992342948913574e-01
4.978986680507659912e-01
4.978981614112854004e-01
4.978977143764495850e-01
4.978972077369689941e-01
4.978967010974884033e-01
4.978962540626525879e-01
4.978957474231719971e-01
4.978953003883361816e-01
4.978948533535003662e-01
4.978944063186645508e-01
4.978939890861511230e-01
4.978935420513153076e-01
4.978931248188018799e-01
4.978927075862884521e-01
4.978922903537750244e-01
4.978919029235839844e-01
4.978914856910705566e-01
4.978911280632019043e-01
4.978907108306884766e-01
4.978902935981750488e-01
4.978899955749511719e-01
4.978895783424377441e-01
4.978892207145690918e-01
4.978888332843780518e-01
4.978884756565093994e-01
4.978881478309631348e-01
4.978878200054168701e-01
4.978874325752258301e-01
4.978871643543243408e-01
4.978868365287780762e-01
4.978865087032318115e-01
4.978861808776855469e-01
4.978858232498168945e-01
4.978855848312377930e-01
4.978852570056915283e-01
4.978849887847900391e-01
4.978846609592437744e-01
4.978843331336975098e-01
4.978840947151184082e-01
4.978838562965393066e-01
4.978835284709930420e-01
4.978832900524139404e-01
4.978830218315124512e-01
4.978827238082885742e-01
4.978824853897094727e-01
4.978822767734527588e-01
4.978820085525512695e-01
4.978817403316497803e-01
4.978815317153930664e-01
4.978812336921691895e-01
4.978810250759124756e-01
4.978807866573333740e-01
4.978806078433990479e-01
4.978803396224975586e-01
4.978801310062408447e-01
4.978798925876617432e-01
4.978796839714050293e-01
4.978795051574707031e-01
4.978792667388916016e-01
4.978790283203125000e-01
4.978788793087005615e-01
4.978787004947662354e-01
4.978784620761871338e-01
4.978782832622528076e-01
4.978780746459960938e-01
4.978778958320617676e-01
4.978777468204498291e-01
4.978775382041931152e-01
4.978773593902587891e-01
4.978772103786468506e-01
4.978770017623901367e-01
4.978768825531005859e-01
4.978766441345214844e-01
4.978765249252319336e-01
4.978763461112976074e-01
4.978762269020080566e-01
4.978760480880737305e-01
4.978758990764617920e-01
4.978756904602050781e-01
4.978756010532379150e-01
4.978754222393035889e-01
4.978753030300140381e-01
4.978751540184020996e-01
4.978750348091125488e-01
4.978748857975006104e-01
4.978747367858886719e-01
4.978745579719543457e-01
4.978744983673095703e-01
4.978742897510528564e-01
4.978742301464080811e-01
4.978740811347961426e-01
4.978739619255065918e-01
4.978737831115722656e-01
4.978737235069274902e-01
4.978736340999603271e-01
4.978735148906707764e-01
4.978733658790588379e-01
4.978732168674468994e-01
4.978731572628021240e-01
4.978730380535125732e-01
4.978729784488677979e-01
4.978728294372558594e-01
4.978727102279663086e-01
4.978726208209991455e-01
4.978725314140319824e-01
4.978724420070648193e-01
4.978723227977752686e-01
4.978722333908081055e-01
4.978721141815185547e-01
4.978720545768737793e-01
4.978719651699066162e-01
4.978718459606170654e-01
4.978717565536499023e-01
4.978716969490051270e-01
4.978715777397155762e-01
4.978715181350708008e-01
4.978713989257812500e-01
4.978713393211364746e-01
4.978712499141693115e-01
4.978711307048797607e-01
4.978711009025573730e-01
4.978710114955902100e-01
4.978709518909454346e-01
4.978708922863006592e-01
4.978707432746887207e-01
4.978706836700439453e-01
4.978706538677215576e-01
4.978705644607543945e-01
4.978704750537872314e-01
4.978704154491424561e-01
4.978703558444976807e-01
4.978702962398529053e-01
4.978702366352081299e-01
4.978701770305633545e-01
4.978701174259185791e-01
4.978700578212738037e-01
4.978699982166290283e-01
4.978699386119842529e-01
4.978698492050170898e-01
4.978698194026947021e-01
4.978697299957275391e-01
4.978696703910827637e-01
4.978696405887603760e-01
4.978695809841156006e-01
4.978695213794708252e-01
4.978694617748260498e-01
4.978694021701812744e-01
4.978693723678588867e-01
4.978693127632141113e-01
4.978692233562469482e-01
4.978692531585693359e-01
4.978691935539245605e-01
4.978691339492797852e-01
4.978690743446350098e-01
4.978690147399902344e-01
4.978689849376678467e-01
4.978689551353454590e-01
4.978688955307006836e-01
4.978688061237335205e-01
4.978687763214111328e-01
4.978687167167663574e-01
4.978687465190887451e-01
4.978686571121215820e-01
4.978686571121215820e-01
4.978685975074768066e-01
4.978685379028320312e-01
4.978684782981872559e-01
4.978684782981872559e-01
4.978684782981872559e-01
4.978683888912200928e-01
4.978683590888977051e-01
4.978683590888977051e-01
4.978682696819305420e-01
4.978682398796081543e-01
4.978682398796081543e-01
4.978681802749633789e-01
4.978681802749633789e-01
4.978681504726409912e-01
4.978680908679962158e-01
4.978680312633514404e-01
4.978680312633514404e-01
4.978680312633514404e-01
4.978680014610290527e-01
4.978679716587066650e-01
4.978679418563842773e-01
4.978678524494171143e-01
4.978678822517395020e-01
4.978678226470947266e-01
4.978678226470947266e-01
4.978677630424499512e-01
4.978677630424499512e-01
4.978677034378051758e-01
4.978676736354827881e-01
4.978676736354827881e-01
4.978676438331604004e-01
4.978676140308380127e-01
4.978676140308380127e-01
4.978675544261932373e-01
4.978675246238708496e-01
4.978675246238708496e-01
4.978675246238708496e-01
4.978674948215484619e-01
4.978674650192260742e-01
4.978674352169036865e-01
4.978674352169036865e-01
4.978674054145812988e-01
4.978674054145812988e-01
4.978674054145812988e-01
4.978673756122589111e-01
4.978673160076141357e-01
4.978672862052917480e-01
4.978672862052917480e-01
4.978672564029693604e-01
4.978672266006469727e-01
4.978672564029693604e-01
4.978672266006469727e-01
4.978671669960021973e-01
4.978671669960021973e-01
4.978671669960021973e-01
4.978671669960021973e-01
4.978671669960021973e-01
4.978671371936798096e-01
4.978671073913574219e-01
4.978670775890350342e-01
4.978670775890350342e-01
4.978670477867126465e-01
4.978670477867126465e-01
4.978669881820678711e-01
4.978670179843902588e-01
4.978669285774230957e-01
4.978669285774230957e-01
4.978669285774230957e-01
4.978669285774230957e-01
4.978669285774230957e-01
4.978669285774230957e-01
4.978669285774230957e-01
4.978669285774230957e-01
4.978668689727783203e-01
4.978668391704559326e-01
4.978668391704559326e-01
4.978668391704559326e-01
4.978668093681335449e-01
4.978668689727783203e-01
4.978667795658111572e-01
4.978668093681335449e-01
4.978667497634887695e-01
4.978667795658111572e-01
4.978667795658111572e-01
4.978667497634887695e-01
4.978667497634887695e-01
4.978667497634887695e-01
4.978667497634887695e-01
4.978667199611663818e-01
4.978666901588439941e-01
4.978667199611663818e-01
4.978666603565216064e-01
4.978666305541992188e-01
4.978666901588439941e-01
4.978666305541992188e-01
4.978666901588439941e-01
4.978666305541992188e-01
4.978666305541992188e-01
4.978666305541992188e-01
4.978666305541992188e-01
4.978666305541992188e-01
4.978665709495544434e-01
4.978666007518768311e-01
4.978666007518768311e-01
4.978665411472320557e-01
4.978665411472320557e-01
4.978665709495544434e-01
4.978665113449096680e-01
4.978665709495544434e-01
4.978665113449096680e-01
4.978665411472320557e-01
4.978664815425872803e-01
4.978665113449096680e-01
4.978665113449096680e-01
4.978664815425872803e-01
4.978664517402648926e-01
4.978664517402648926e-01
4.978664815425872803e-01
4.978664517402648926e-01
4.978664815425872803e-01
4.978664815425872803e-01
4.978664517402648926e-01
4.978664815425872803e-01
4.978664517402648926e-01
4.978664517402648926e-01
4.978664219379425049e-01
4.978663921356201172e-01
4.978663921356201172e-01
4.978664517402648926e-01
4.978664219379425049e-01
4.978664219379425049e-01
4.978663921356201172e-01
4.978663921356201172e-01
4.978663623332977295e-01
4.978663623332977295e-01
4.978663325309753418e-01
4.978663623332977295e-01
4.978663623332977295e-01
4.978663921356201172e-01
4.978663325309753418e-01
4.978663623332977295e-01
4.978663325309753418e-01
4.978663325309753418e-01
4.978663325309753418e-01
4.978663623332977295e-01
4.978663325309753418e-01
4.978663027286529541e-01
4.978663027286529541e-01
4.978663027286529541e-01
4.978663027286529541e-01
4.978663325309753418e-01
4.978662729263305664e-01
4.978662729263305664e-01
4.978662729263305664e-01
4.978663027286529541e-01
4.978663027286529541e-01
4.978662431240081787e-01
4.978662729263305664e-01
4.978662729263305664e-01
4.978663027286529541e-01
4.978663027286529541e-01
4.978662431240081787e-01
4.978662729263305664e-01
4.978662729263305664e-01
4.978662729263305664e-01
4.978662133216857910e-01
4.978662431240081787e-01
4.978662431240081787e-01
4.978662431240081787e-01
4.978662133216857910e-01
4.978662431240081787e-01
4.978662431240081787e-01
4.978662431240081787e-01
4.978662729263305664e-01
4.978662133216857910e-01
4.978662431240081787e-01
4.978662133216857910e-01
4.978661835193634033e-01
4.978662133216857910e-01
4.978662133216857910e-01
4.978662133216857910e-01
4.978661835193634033e-01
4.978661835193634033e-01
4.978662133216857910e-01
4.978661835193634033e-01
4.978662133216857910e-01
4.978662133216857910e-01
4.978661835193634033e-01
4.978662133216857910e-01
4.978661835193634033e-01
4.978662133216857910e-01
4.978662431240081787e-01
4.978661835193634033e-01
4.978661835193634033e-01
4.978661537170410156e-01
4.978661835193634033e-01
4.978662133216857910e-01
4.978662133216857910e-01
4.978661537170410156e-01
4.978661835193634033e-01
4.978662133216857910e-01
4.978661835193634033e-01
4.978661835193634033e-01
4.978661537170410156e-01
4.978661835193634033e-01
4.978661835193634033e-01
4.978662133216857910e-01
4.978661835193634033e-01
4.978661537170410156e-01
4.978661239147186279e-01
4.978661537170410156e-01
4.978661537170410156e-01
4.978661239147186279e-01
4.978661537170410156e-01
4.978661537170410156e-01
4.978661537170410156e-01
4.978661239147186279e-01
4.978661537170410156e-01
4.978661537170410156e-01
4.978661239147186279e-01
4.978661239147186279e-01
4.978661537170410156e-01
4.978661239147186279e-01
4.978661537170410156e-01
4.978661537170410156e-01
4.978661537170410156e-01
4.978661537170410156e-01
4.978661239147186279e-01
4.978661239147186279e-01
4.978661239147186279e-01
4.978661239147186279e-01
4.978661239147186279e-01
4.978660941123962402e-01
4.978661537170410156e-01
4.978661239147186279e-01
4.978661239147186279e-01
4.978661239147186279e-01
4.978661239147186279e-01
4.978661239147186279e-01
4.978660941123962402e-01
4.978661239147186279e-01
4.978661239147186279e-01
4.978661239147186279e-01
4.978661239147186279e-01
4.978660941123962402e-01
4.978661537170410156e-01
4.978661239147186279e-01
4.978661239147186279e-01
4.978661239147186279e-01
4.978660643100738525e-01
4.978661239147186279e-01
4.978661239147186279e-01
4.978661239147186279e-01
4.978660941123962402e-01
4.978661239147186279e-01
4.978660941123962402e-01
4.978660941123962402e-01
4.978661239147186279e-01
4.978661239147186279e-01
4.978660941123962402e-01
4.978660941123962402e-01
4.978661239147186279e-01
4.978661537170410156e-01
4.978660941123962402e-01
4.978661239147186279e-01
4.978661239147186279e-01
4.978660941123962402e-01
4.978661239147186279e-01
4.978660941123962402e-01
4.978660941123962402e-01
4.978660941123962402e-01
4.978660941123962402e-01
4.978660941123962402e-01
4.978660643100738525e-01
4.978660941123962402e-01
4.978660643100738525e-01
4.978661239147186279e-01
4.978661239147186279e-01
4.978661239147186279e-01
4.978661239147186279e-01
4.978660941123962402e-01
4.978661239147186279e-01
4.978661239147186279e-01
4.978661239147186279e-01
4.978660643100738525e-01
4.978660643100738525e-01
4.978661239147186279e-01
4.978660941123962402e-01
4.978661239147186279e-01
4.978660941123962402e-01
