6.931464076042175293e-01
6.868211627006530762e-01
6.814004778861999512e-01
6.774224042892456055e-01
6.768566966056823730e-01
6.860138177871704102e-01
7.216498255729675293e-01
8.208741545677185059e-01
9.825112819671630859e-01
1.140356659889221191e+00
1.125915646553039551e+00
1.170333623886108398e+00
1.108497142791748047e+00
1.158989071846008301e+00
1.093685388565063477e+00
1.147458314895629883e+00
1.079680442810058594e+00
1.135752677917480469e+00
1.066468954086303711e+00
1.123996615409851074e+00
1.054013371467590332e+00
1.112305283546447754e+00
1.042269825935363770e+00
1.100772261619567871e+00
1.031199574470520020e+00
1.089473009109497070e+00
1.020755052566528320e+00
1.078468084335327148e+00
1.010895729064941406e+00
1.067799925804138184e+00
1.001577496528625488e+00
1.057497382164001465e+00
9.927666187286376953e-01
1.047581791877746582e+00
9.844224452972412109e-01
1.038053393363952637e+00
9.765079021453857422e-01
1.028913974761962891e+00
9.689923524856567383e-01
1.020158171653747559e+00
9.618462324142456055e-01
1.011770009994506836e+00
9.550352692604064941e-01
1.003735065460205078e+00
9.485371708869934082e-01
9.960356950759887695e-01
9.423240423202514648e-01
9.886517524719238281e-01
9.363752007484436035e-01
9.815673828125000000e-01
9.306673407554626465e-01
9.747607707977294922e-01
9.251824617385864258e-01
9.682145714759826660e-01
9.199020862579345703e-01
9.619099497795104980e-01
9.148098826408386230e-01
9.558314085006713867e-01
9.098922610282897949e-01
9.499646425247192383e-01
9.051354527473449707e-01
9.442934393882751465e-01
9.005274176597595215e-01
9.388053417205810547e-01
8.960603475570678711e-01
9.334906339645385742e-01
8.917215466499328613e-01
9.283351898193359375e-01
8.875053524971008301e-01
9.233322739601135254e-01
8.834022879600524902e-01
9.184716939926147461e-01
8.794065117835998535e-01
9.137452840805053711e-01
8.755126595497131348e-01
9.091455936431884766e-01
8.717127442359924316e-01
9.046664834022521973e-01
8.680063486099243164e-01
9.003019332885742188e-01
8.643853664398193359e-01
8.960487842559814453e-01
8.608467578887939453e-01
8.918988108634948730e-01
8.573886752128601074e-01
8.878483772277832031e-01
8.540055751800537109e-01
8.838941454887390137e-01
8.506941199302673340e-01
8.800315260887145996e-01
8.474550843238830566e-01
8.762596249580383301e-01
8.442850708961486816e-01
8.725730180740356445e-01
8.411790728569030762e-01
8.689696192741394043e-01
8.381393551826477051e-01
8.654460310935974121e-01
8.351585865020751953e-01
8.619987964630126953e-01
8.322398662567138672e-01
8.586279153823852539e-01
8.293787837028503418e-01
8.553296327590942383e-01
8.265740275382995605e-01
8.521015048027038574e-01
8.238254189491271973e-01
8.489426374435424805e-01
8.211297988891601562e-01
8.458519577980041504e-01
8.184885978698730469e-01
8.428248167037963867e-01
8.158980607986450195e-01
8.398624062538146973e-01
8.133582472801208496e-01
8.369622826576232910e-01
8.108667135238647461e-01
8.341218829154968262e-01
8.084249496459960938e-01
8.313403129577636719e-01
8.060292005538940430e-01
8.286170363426208496e-01
8.036794662475585938e-01
8.259505033493041992e-01
8.013758659362792969e-01
8.233381509780883789e-01
7.991166710853576660e-01
8.207812309265136719e-01
7.969001531600952148e-01
8.182748556137084961e-01
7.947275638580322266e-01
8.158206939697265625e-01
7.925959825515747070e-01
8.134181499481201172e-01
7.905074357986450195e-01
8.110646009445190430e-01
7.884572744369506836e-01
8.087581396102905273e-01
7.864471077919006348e-01
8.065005540847778320e-01
7.844767570495605469e-01
8.042883872985839844e-01
7.825441360473632812e-01
8.021215796470642090e-01
7.806487083435058594e-01
7.999989986419677734e-01
7.787899971008300781e-01
7.979197502136230469e-01
7.769694924354553223e-01
7.958854436874389648e-01
7.751834988594055176e-01
7.938913702964782715e-01
7.734313607215881348e-01
7.919374704360961914e-01
7.717140913009643555e-01
7.900243997573852539e-01
7.700313925743103027e-01
7.881507277488708496e-01
7.683816552162170410e-01
7.863161563873291016e-01
7.667636275291442871e-01
7.845190167427062988e-01
7.651790380477905273e-01
7.827595472335815430e-01
7.636253833770751953e-01
7.810368537902832031e-01
7.621036767959594727e-01
7.793503403663635254e-01
7.606108784675598145e-01
7.776976823806762695e-01
7.591491341590881348e-01
7.760797739028930664e-01
7.577164173126220703e-01
7.744962573051452637e-01
7.563127875328063965e-01
7.729454636573791504e-01
7.549375295639038086e-01
7.714264988899230957e-01
7.535893917083740234e-01
7.699403762817382812e-01
7.522698640823364258e-01
7.684855461120605469e-01
7.509763240814208984e-01
7.670594453811645508e-01
7.497091293334960938e-01
7.656658887863159180e-01
7.484695911407470703e-01
7.643015384674072266e-01
7.472557425498962402e-01
7.629666328430175781e-01
7.460660338401794434e-01
7.616595625877380371e-01
7.449011206626892090e-01
7.603802680969238281e-01
7.437608838081359863e-01
7.591283321380615234e-01
7.426442503929138184e-01
7.579031586647033691e-01
7.415511608123779297e-01
7.567054033279418945e-01
7.404818534851074219e-01
7.555325031280517578e-01
7.394335865974426270e-01
7.543851137161254883e-01
7.384082674980163574e-01
7.532622218132019043e-01
7.374041080474853516e-01
7.521637082099914551e-01
7.364214658737182617e-01
7.510898113250732422e-01
7.354614734649658203e-01
7.500395178794860840e-01
7.345211505889892578e-01
7.490122318267822266e-01
7.336014509201049805e-01
7.480071187019348145e-01
7.327006459236145020e-01
7.470234632492065430e-01
7.318191528320312500e-01
7.460613250732421875e-01
7.309567928314208984e-01
7.451217174530029297e-01
7.301147580146789551e-01
7.442026138305664062e-01
7.292900681495666504e-01
7.433041930198669434e-01
7.284839153289794922e-01
7.424259185791015625e-01
7.276956439018249512e-01
7.415667772293090820e-01
7.269250750541687012e-01
7.407269477844238281e-01
7.261714339256286621e-01
7.399063706398010254e-01
7.254333496093750000e-01
7.391033172607421875e-01
7.247111797332763672e-01
7.383187413215637207e-01
7.240069508552551270e-01
7.375520467758178711e-01
7.233171463012695312e-01
7.368022799491882324e-01
7.226433157920837402e-01
7.360702753067016602e-01
7.219849824905395508e-01
7.353551387786865234e-01
7.213414907455444336e-01
7.346559762954711914e-01
7.207130789756774902e-01
7.339734435081481934e-01
7.200975418090820312e-01
7.333053946495056152e-01
7.194966077804565430e-01
7.326534390449523926e-01
7.189097404479980469e-01
7.320159673690795898e-01
7.183352112770080566e-01
7.313926219940185547e-01
7.177749872207641602e-01
7.307837009429931641e-01
7.172272801399230957e-01
7.301899194717407227e-01
7.166914939880371094e-01
7.296097278594970703e-01
7.161689996719360352e-01
7.290437817573547363e-01
7.156580686569213867e-01
7.284902334213256836e-01
7.151592969894409180e-01
7.279497385025024414e-01
7.146724462509155273e-01
7.274221181869506836e-01
7.141964435577392578e-01
7.269073724746704102e-01
7.137317657470703125e-01
7.264029979705810547e-01
7.132774591445922852e-01
7.259114384651184082e-01
7.128333449363708496e-01
7.254309654235839844e-01
7.124008536338806152e-01
7.249624729156494141e-01
7.119776010513305664e-01
7.245045900344848633e-01
7.115641832351684570e-01
7.240574359893798828e-01
7.111606001853942871e-01
7.236219644546508789e-01
7.107679843902587891e-01
7.231957912445068359e-01
7.103834748268127441e-01
7.227805852890014648e-01
7.100082635879516602e-01
7.223752737045288086e-01
7.096420526504516602e-01
7.219786643981933594e-01
7.092841267585754395e-01
7.215920090675354004e-01
7.089348435401916504e-01
7.212141752243041992e-01
7.085937857627868652e-01
7.208454608917236328e-01
7.082605361938476562e-01
7.204861640930175781e-01
7.079361677169799805e-01
7.201348543167114258e-01
7.076187729835510254e-01
7.197930812835693359e-01
7.073099017143249512e-01
7.194586992263793945e-01
7.070077061653137207e-01
7.191329598426818848e-01
7.067131400108337402e-01
7.188144922256469727e-01
7.064257264137268066e-01
7.185038328170776367e-01
7.061449289321899414e-01
7.182017564773559570e-01
7.058712244033813477e-01
7.179055809974670410e-01
7.056045532226562500e-01
7.176173925399780273e-01
7.053432464599609375e-01
7.173360586166381836e-01
7.050890326499938965e-01
7.170616984367370605e-01
7.048413157463073730e-01
7.167942523956298828e-01
7.045986652374267578e-01
7.165327072143554688e-01
7.043628692626953125e-01
7.162777781486511230e-01
7.041315436363220215e-01
7.160274982452392578e-01
7.039059400558471680e-01
7.157855033874511719e-01
7.036867141723632812e-01
7.155492305755615234e-01
7.034727931022644043e-01
7.153183817863464355e-01
7.032644152641296387e-01
7.150930762290954590e-01
7.030605673789978027e-01
7.148737311363220215e-01
7.028619647026062012e-01
7.146594524383544922e-01
7.026679515838623047e-01
7.144507765769958496e-01
7.024791240692138672e-01
7.142465114593505859e-01
7.022951841354370117e-01
7.140480279922485352e-01
7.021147012710571289e-01
7.138536572456359863e-01
7.019395232200622559e-01
7.136648297309875488e-01
7.017678022384643555e-01
7.134797573089599609e-01
7.016006112098693848e-01
7.132996320724487305e-01
7.014378309249877930e-01
7.131243944168090820e-01
7.012786865234375000e-01
7.129528522491455078e-01
7.011234164237976074e-01
7.127853035926818848e-01
7.009726762771606445e-01
7.126235365867614746e-01
7.008255720138549805e-01
7.124643921852111816e-01
7.006816864013671875e-01
7.123094797134399414e-01
7.005413770675659180e-01
7.121581435203552246e-01
7.004048228263854980e-01
7.120109796524047852e-01
7.002717256546020508e-01
7.118681669235229492e-01
7.001426219940185547e-01
7.117289900779724121e-01
7.000161409378051758e-01
7.115929126739501953e-01
6.998925805091857910e-01
7.114594578742980957e-01
6.997717022895812988e-01
7.113291621208190918e-01
6.996539831161499023e-01
7.112026214599609375e-01
6.995397806167602539e-01
7.110794782638549805e-01
6.994281411170959473e-01
7.109590768814086914e-01
6.993194222450256348e-01
7.108426094055175781e-01
6.992136240005493164e-01
7.107278108596801758e-01
6.991100311279296875e-01
7.106175422668457031e-01
6.990093588829040527e-01
7.105079889297485352e-01
6.989102363586425781e-01
7.104019522666931152e-01
6.988140940666198730e-01
7.102982401847839355e-01
6.987210512161254883e-01
7.101980447769165039e-01
6.986298561096191406e-01
7.101007699966430664e-01
6.985412240028381348e-01
7.100047469139099121e-01
6.984544992446899414e-01
7.099116444587707520e-01
6.983705163002014160e-01
7.098209857940673828e-01
6.982882022857666016e-01
7.097325325012207031e-01
6.982081532478332520e-01
7.096456289291381836e-01
6.981295347213745117e-01
7.095619440078735352e-01
6.980535984039306641e-01
7.094794511795043945e-01
6.979786157608032227e-01
7.093985080718994141e-01
6.979063749313354492e-01
7.093214988708496094e-01
6.978355050086975098e-01
7.092450857162475586e-01
6.977661252021789551e-01
7.091699242591857910e-01
6.976994276046752930e-01
7.090985178947448730e-01
6.976336240768432617e-01
7.090269327163696289e-01
6.975692510604858398e-01
7.089587450027465820e-01
6.975077390670776367e-01
7.088921666145324707e-01
6.974472999572753906e-01
7.088268399238586426e-01
6.973882317543029785e-01
7.087635993957519531e-01
6.973301172256469727e-01
7.087004184722900391e-01
6.972736120223999023e-01
7.086403369903564453e-01
6.972184181213378906e-01
7.085808515548706055e-01
6.971653699874877930e-01
7.085233926773071289e-01
6.971127986907958984e-01
7.084672451019287109e-01
6.970627307891845703e-01
7.084128856658935547e-01
6.970135569572448730e-01
7.083605527877807617e-01
6.969649791717529297e-01
7.083079814910888672e-01
6.969180703163146973e-01
7.082575559616088867e-01
6.968719959259033203e-01
7.082087993621826172e-01
6.968276500701904297e-01
7.081604003906250000e-01
6.967840194702148438e-01
7.081135511398315430e-01
6.967415809631347656e-01
7.080674767494201660e-01
6.966996788978576660e-01
7.080226540565490723e-01
6.966596245765686035e-01
7.079793810844421387e-01
6.966203451156616211e-01
7.079382538795471191e-01
6.965823769569396973e-01
7.078964710235595703e-01
6.965451240539550781e-01
7.078562974929809570e-01
6.965090036392211914e-01
7.078176140785217285e-01
6.964733600616455078e-01
7.077788114547729492e-01
6.964383125305175781e-01
7.077413201332092285e-01
6.964042186737060547e-01
7.077054977416992188e-01
6.963723301887512207e-01
7.076702117919921875e-01
6.963400244712829590e-01
7.076353430747985840e-01
6.963090896606445312e-01
7.076027393341064453e-01
6.962783336639404297e-01
7.075692415237426758e-01
6.962485313415527344e-01
7.075375318527221680e-01
6.962196230888366699e-01
7.075066566467285156e-01
6.961915493011474609e-01
7.074764370918273926e-01
6.961647272109985352e-01
7.074478864669799805e-01
6.961380839347839355e-01
7.074190378189086914e-01
6.961125135421752930e-01
7.073905467987060547e-01
6.960868239402770996e-01
7.073633074760437012e-01
6.960619688034057617e-01
7.073366641998291016e-01
6.960378289222717285e-01
7.073111534118652344e-01
6.960142850875854492e-01
7.072851061820983887e-01
6.959912776947021484e-01
7.072606086730957031e-01
6.959692239761352539e-01
7.072364091873168945e-01
6.959470510482788086e-01
7.072132825851440430e-01
6.959260702133178711e-01
7.071900963783264160e-01
6.959046125411987305e-01
7.071675658226013184e-01
6.958848237991333008e-01
7.071464061737060547e-01
6.958654522895812988e-01
7.071251869201660156e-01
6.958459019660949707e-01
7.071043252944946289e-01
6.958271265029907227e-01
7.070842981338500977e-01
6.958088278770446777e-01
7.070645093917846680e-01
6.957916617393493652e-01
7.070463895797729492e-01
6.957747936248779297e-01
7.070273160934448242e-01
6.957575678825378418e-01
7.070087194442749023e-01
6.957404613494873047e-01
7.069905400276184082e-01
6.957243084907531738e-01
7.069737315177917480e-01
6.957091093063354492e-01
7.069569826126098633e-01
6.956940293312072754e-01
7.069411277770996094e-01
6.956797838211059570e-01
7.069256305694580078e-01
6.956655383110046387e-01
7.069106698036193848e-01
6.956517696380615234e-01
7.068946957588195801e-01
6.956370472908020020e-01
7.068792581558227539e-01
6.956234574317932129e-01
7.068651914596557617e-01
6.956102848052978516e-01
7.068511247634887695e-01
6.955978870391845703e-01
7.068374752998352051e-01
6.955854892730712891e-01
7.068242430686950684e-01
6.955738663673400879e-01
7.068113684654235840e-01
6.955623626708984375e-01
7.067990303039550781e-01
6.955510377883911133e-01
7.067867517471313477e-01
6.955394148826599121e-01
7.067741155624389648e-01
6.955286860466003418e-01
7.067632675170898438e-01
6.955183744430541992e-01
7.067520618438720703e-01
6.955077648162841797e-01
7.067407369613647461e-01
6.954979896545410156e-01
7.067300081253051758e-01
6.954877376556396484e-01
7.067188024520874023e-01
6.954778432846069336e-01
7.067089080810546875e-01
6.954693794250488281e-01
7.066996097564697266e-01
6.954603791236877441e-01
7.066900134086608887e-01
6.954516768455505371e-01
7.066807746887207031e-01
6.954435706138610840e-01
7.066715359687805176e-01
6.954345703125000000e-01
7.066620588302612305e-01
6.954264640808105469e-01
7.066533565521240234e-01
6.954185962677001953e-01
7.066444158554077148e-01
6.954100728034973145e-01
7.066358327865600586e-01
6.954023241996765137e-01
7.066277861595153809e-01
6.953957080841064453e-01
7.066200375556945801e-01
6.953880190849304199e-01
7.066120505332946777e-01
6.953812837600708008e-01
7.066047787666320801e-01
6.953745484352111816e-01
7.065973877906799316e-01
6.953682303428649902e-01
7.065905928611755371e-01
6.953616142272949219e-01
7.065836787223815918e-01
6.953549385070800781e-01
7.065767049789428711e-01
6.953491568565368652e-01
7.065705657005310059e-01
6.953434944152832031e-01
7.065638303756713867e-01
6.953375935554504395e-01
7.065573334693908691e-01
6.953312754631042480e-01
7.065513134002685547e-01
6.953260898590087891e-01
7.065451145172119141e-01
6.953204870223999023e-01
7.065395116806030273e-01
6.953153014183044434e-01
7.065336704254150391e-01
6.953101158142089844e-01
7.065283656120300293e-01
6.953054070472717285e-01
7.065232396125793457e-01
6.953006982803344727e-01
7.065173983573913574e-01
6.952958106994628906e-01
7.065124511718750000e-01
6.952908039093017578e-01
7.065072059631347656e-01
6.952866911888122559e-01
7.065028548240661621e-01
6.952817440032958984e-01
7.064976692199707031e-01
6.952773928642272949e-01
7.064930200576782227e-01
6.952732801437377930e-01
7.064882516860961914e-01
6.952695250511169434e-01
7.064839601516723633e-01
6.952657103538513184e-01
7.064802050590515137e-01
6.952619552612304688e-01
7.064765691757202148e-01
6.952582597732543945e-01
7.064724564552307129e-01
6.952546834945678711e-01
7.064686417579650879e-01
6.952511668205261230e-01
7.064642906188964844e-01
6.952472329139709473e-01
7.064607143402099609e-01
6.952443718910217285e-01
7.064579725265502930e-01
6.952415704727172852e-01
7.064543366432189941e-01
6.952381134033203125e-01
7.064504027366638184e-01
6.952342987060546875e-01
7.064465880393981934e-01
6.952311396598815918e-01
7.064433693885803223e-01
6.952283382415771484e-01
7.064402103424072266e-01
6.952249407768249512e-01
7.064368128776550293e-01
6.952219605445861816e-01
7.064330577850341797e-01
6.952191591262817383e-01
7.064300775527954102e-01
6.952160596847534180e-01
7.064274549484252930e-01
6.952136754989624023e-01
7.064243555068969727e-01
6.952112317085266113e-01
7.064219713211059570e-01
6.952085494995117188e-01
7.064195275306701660e-01
6.952065229415893555e-01
7.064169049263000488e-01
6.952043771743774414e-01
7.064152956008911133e-01
6.952025294303894043e-01
7.064132094383239746e-01
6.952005624771118164e-01
7.064107656478881836e-01
6.951981782913208008e-01
7.064079046249389648e-01
6.951954960823059082e-01
7.064054012298583984e-01
6.951940059661865234e-01
7.064039707183837891e-01
6.951925754547119141e-01
7.064016461372375488e-01
6.951901316642761230e-01
7.063989639282226562e-01
6.951879858970642090e-01
7.063970565795898438e-01
6.951857805252075195e-01
7.063946127891540527e-01
6.951835155487060547e-01
7.063927650451660156e-01
6.951825618743896484e-01
7.063913345336914062e-01
6.951813101768493652e-01
7.063890695571899414e-01
6.951791048049926758e-01
7.063870429992675781e-01
6.951769590377807617e-01
7.063856720924377441e-01
6.951763033866882324e-01
7.063839435577392578e-01
6.951742172241210938e-01
7.063818573951721191e-01
6.951722502708435059e-01
7.063800692558288574e-01
6.951711773872375488e-01
7.063785791397094727e-01
6.951690316200256348e-01
7.063766717910766602e-01
6.951675415039062500e-01
7.063750028610229492e-01
6.951665878295898438e-01
7.063736915588378906e-01
6.951650977134704590e-01
7.063723802566528320e-01
6.951636075973510742e-01
7.063708305358886719e-01
6.951621174812316895e-01
7.063692808151245117e-01
6.951613426208496094e-01
7.063685655593872070e-01
6.951607465744018555e-01
7.063673734664916992e-01
6.951596140861511230e-01
7.063665390014648438e-01
6.951586008071899414e-01
7.063646316528320312e-01
6.951568722724914551e-01
7.063633799552917480e-01
6.951554417610168457e-01
7.063622474670410156e-01
6.951552629470825195e-01
7.063613533973693848e-01
6.951539516448974609e-01
7.063606381416320801e-01
6.951533555984497070e-01
7.063596248626708984e-01
6.951523423194885254e-01
7.063586711883544922e-01
6.951513290405273438e-01
7.063565254211425781e-01
6.951497793197631836e-01
7.063556313514709473e-01
6.951484084129333496e-01
7.063544988632202148e-01
6.951476931571960449e-01
7.063536643981933594e-01
6.951470971107482910e-01
7.063524127006530762e-01
6.951460838317871094e-01
7.063511610031127930e-01
6.951450109481811523e-01
7.063503265380859375e-01
6.951443552970886230e-01
7.063500285148620605e-01
6.951435208320617676e-01
7.063489556312561035e-01
6.951429843902587891e-01
7.063487768173217773e-01
6.951425075531005859e-01
7.063480615615844727e-01
6.951415538787841797e-01
7.063465714454650879e-01
6.951406002044677734e-01
7.063460350036621094e-01
6.951400041580200195e-01
7.063455581665039062e-01
6.951393485069274902e-01
7.063444256782531738e-01
6.951389312744140625e-01
7.063438892364501953e-01
6.951379179954528809e-01
7.063426971435546875e-01
6.951374411582946777e-01
7.063424587249755859e-01
6.951368451118469238e-01
7.063419222831726074e-01
6.951358318328857422e-01
7.063412666320800781e-01
6.951355934143066406e-01
7.063403129577636719e-01
6.951348185539245605e-01
7.063397765159606934e-01
6.951344013214111328e-01
7.063385844230651855e-01
6.951336860656738281e-01
7.063387036323547363e-01
6.951335072517395020e-01
7.063384056091308594e-01
6.951331496238708496e-01
7.063377499580383301e-01
6.951324939727783203e-01
7.063369750976562500e-01
6.951315402984619141e-01
7.063363790512084961e-01
6.951313018798828125e-01
7.063364982604980469e-01
6.951313614845275879e-01
7.063354253768920898e-01
6.951305866241455078e-01
7.063352465629577637e-01
6.951299905776977539e-01
7.063345909118652344e-01
6.951296925544738770e-01
7.063341140747070312e-01
6.951290965080261230e-01
7.063336372375488281e-01
6.951287388801574707e-01
7.063331007957458496e-01
6.951284408569335938e-01
7.063325643539428711e-01
6.951272487640380859e-01
7.063321471214294434e-01
6.951282024383544922e-01
7.063323259353637695e-01
6.951274871826171875e-01
7.063317894935607910e-01
6.951278448104858398e-01
7.063318490982055664e-01
6.951277256011962891e-01
7.063313722610473633e-01
6.951267123222351074e-01
7.063310742378234863e-01
6.951265335083007812e-01
7.063304185867309570e-01
6.951262950897216797e-01
7.063299417495727539e-01
6.951254606246948242e-01
7.063297033309936523e-01
6.951252222061157227e-01
7.063294649124145508e-01
6.951247453689575195e-01
7.063289880752563477e-01
6.951250433921813965e-01
7.063291072845458984e-01
6.951249837875366211e-01
7.063286304473876953e-01
6.951245069503784180e-01
7.063286304473876953e-01
6.951242685317993164e-01
7.063285708427429199e-01
6.951240897178649902e-01
7.063282728195190430e-01
6.951237320899963379e-01
7.063276767730712891e-01
6.951232552528381348e-01
7.063276767730712891e-01
6.951237320899963379e-01
7.063277363777160645e-01
6.951236724853515625e-01
7.063276767730712891e-01
6.951237320899963379e-01
7.063276171684265137e-01
6.951233744621276855e-01
7.063273191452026367e-01
6.951227188110351562e-01
7.063266038894653320e-01
6.951224803924560547e-01
7.063263058662414551e-01
6.951219439506530762e-01
7.063254117965698242e-01
6.951219439506530762e-01
7.063258290290832520e-01
6.951218247413635254e-01
7.063255906105041504e-01
6.951217651367187500e-01
7.063253521919250488e-01
6.951207518577575684e-01
7.063249945640563965e-01
6.951203942298889160e-01
7.063241600990295410e-01
6.951207518577575684e-01
7.063246965408325195e-01
6.951206922531127930e-01
7.063246965408325195e-01
6.951211094856262207e-01
7.063249945640563965e-01
6.951206922531127930e-01
7.063238620758056641e-01
6.951199769973754883e-01
7.063231468200683594e-01
6.951193809509277344e-01
7.063232660293579102e-01
6.951195001602172852e-01
7.063233256340026855e-01
6.951200962066650391e-01
7.063243389129638672e-01
6.951202154159545898e-01
7.063239216804504395e-01
6.951192021369934082e-01
7.063227891921997070e-01
6.951198577880859375e-01
7.063235044479370117e-01
6.951194405555725098e-01
7.063227295875549316e-01
6.951190233230590820e-01
7.063227295875549316e-01
6.951188445091247559e-01
7.063224315643310547e-01
6.951188445091247559e-01
7.063220739364624023e-01
6.951182484626770020e-01
7.063214182853698730e-01
6.951175928115844727e-01
7.063212990760803223e-01
6.951177120208740234e-01
7.063216567039489746e-01
6.951185464859008789e-01
7.063218355178833008e-01
6.951186060905456543e-01
7.063220143318176270e-01
6.951180696487426758e-01
7.063217759132385254e-01
6.951180696487426758e-01
7.063219547271728516e-01
6.951178908348083496e-01
7.063214182853698730e-01
6.951177716255187988e-01
7.063209414482116699e-01
6.951172351837158203e-01
7.063208222389221191e-01
6.951169371604919434e-01
7.063205242156982422e-01
6.951167583465576172e-01
7.063207626342773438e-01
6.951172351837158203e-01
7.063212990760803223e-01
6.951169967651367188e-01
7.063207626342773438e-01
6.951169967651367188e-01
7.063204050064086914e-01
6.951169967651367188e-01
7.063202857971191406e-01
6.951166987419128418e-01
7.063201069831848145e-01
6.951167583465576172e-01
7.063204050064086914e-01
6.951172351837158203e-01
7.063206434249877930e-01
6.951169371604919434e-01
7.063202857971191406e-01
6.951167583465576172e-01
7.063201665878295898e-01
6.951167583465576172e-01
7.063205242156982422e-01
6.951170563697814941e-01
7.063201665878295898e-01
6.951169371604919434e-01
7.063207626342773438e-01
6.951168179512023926e-01
7.063202857971191406e-01
6.951168775558471680e-01
7.063202857971191406e-01
6.951163411140441895e-01
7.063202857971191406e-01
6.951166391372680664e-01
7.063201665878295898e-01
6.951162815093994141e-01
7.063200473785400391e-01
6.951164007186889648e-01
7.063195705413818359e-01
6.951164603233337402e-01
7.063196897506713867e-01
6.951158046722412109e-01
7.063192129135131836e-01
6.951155662536621094e-01
7.063193321228027344e-01
6.951159834861755371e-01
7.063190937042236328e-01
6.951155662536621094e-01
7.063192129135131836e-01
6.951159238815307617e-01
7.063195109367370605e-01
6.951159834861755371e-01
7.063189744949340820e-01
6.951155662536621094e-01
7.063185572624206543e-01
6.951152682304382324e-01
7.063184976577758789e-01
